     0/199     0.83G    0.1164   0.05724         0    0.1736         6       640         0         0  0.002581 0.0003436   0.05781   0.04621         0
     1/199    0.954G    0.1105   0.06263         0    0.1731         9       640         0         0  0.006048  0.001021   0.05183   0.05051         0
     2/199    0.954G   0.09893    0.0603         0    0.1592         8       640   0.07515  0.002941   0.01847   0.00242   0.04539   0.05566         0
     3/199    0.954G    0.0856   0.07276         0    0.1584         9       640    0.2828  0.002941   0.01376  0.002983   0.04395   0.05517         0
     4/199    0.954G   0.07719   0.07232         0    0.1495         6       640    0.4755  0.002941   0.01656  0.003031   0.04199   0.05619         0
     5/199    0.954G   0.07729   0.08324         0    0.1605        16       640         0         0   0.03172  0.004806   0.03878   0.05656         0
     6/199    0.954G   0.06862   0.07539         0     0.144         4       640         0         0   0.09585   0.02562   0.03512   0.05726         0
     7/199    0.956G   0.06583   0.08112         0     0.147         6       640    0.4464    0.1794    0.2937   0.07831   0.03093   0.05832         0
     8/199    0.956G   0.06148   0.07179         0    0.1333        10       640    0.1195    0.7794    0.5921    0.1492    0.0304   0.04556         0
     9/199    0.956G   0.05582   0.06258         0    0.1184         5       640    0.1296    0.9647    0.7156    0.3314   0.02578   0.04096         0
    10/199    0.956G   0.05006   0.05668         0    0.1067         4       640    0.1572         1    0.7579     0.173   0.03032   0.03586         0
    11/199    0.956G   0.04988   0.04585         0   0.09573         6       640    0.2412         1    0.9029    0.5046   0.02596   0.03125         0
    12/199    0.956G   0.05268   0.04907         0    0.1018        16       640    0.2591         1    0.8638    0.3423   0.02609   0.02649         0
    13/199    0.956G   0.05449   0.05003         0    0.1045        16       640     0.207         1    0.8324    0.3073   0.03665   0.02328         0
    14/199    0.956G    0.0531   0.04077         0   0.09387         2       640    0.2415         1    0.7599     0.286   0.03522   0.02274         0
    15/199    0.956G    0.0643   0.03977         0    0.1041         5       640    0.1681         1    0.9148     0.235   0.04764   0.01954         0
    16/199    0.956G    0.0646   0.03638         0     0.101         7       640    0.3118         1    0.9066    0.6254   0.02984   0.02381         0
    17/199    0.956G    0.0604   0.04257         0     0.103         9       640     0.365         1    0.9951    0.2452   0.03176   0.02015         0
    18/199    0.956G    0.0586    0.0359         0   0.09449         6       640    0.2616         1    0.5849    0.2785   0.03436    0.0219         0
    19/199    0.956G   0.06022   0.03777         0   0.09799         4       640    0.2436         1    0.9862    0.3178   0.03403   0.02163         0
    20/199    0.956G    0.0609   0.03384         0   0.09474         6       640    0.2867         1    0.9048    0.2313   0.03146   0.02148         0
    21/199    0.956G   0.06041   0.03617         0   0.09659         6       640    0.2357         1    0.6984    0.2776   0.03276   0.02082         0
    22/199    0.956G   0.06551   0.03351         0   0.09903        12       640    0.2379         1    0.5516    0.1554   0.03682   0.01954         0
    23/199    0.956G   0.06259   0.03427         0   0.09686        12       640      0.19         1     0.877    0.1577   0.03648   0.01936         0
    24/199    0.956G   0.06449   0.03393         0   0.09841        16       640    0.2223         1    0.9601      0.63   0.03784   0.02093         0
    25/199    0.956G   0.06258   0.03433         0   0.09691         9       640    0.1943         1     0.704    0.3871   0.04151   0.02131         0
    26/199    0.956G   0.06512   0.03129         0   0.09641         4       640    0.2454         1    0.7796    0.1782   0.04316   0.02224         0
    27/199    0.956G   0.06327    0.0284         0   0.09167         4       640    0.3437         1    0.9951    0.5498   0.03035    0.0225         0
    28/199    0.956G   0.05499   0.03545         0   0.09044         7       640    0.2555         1    0.4373    0.2845   0.03585   0.01976         0
    29/199    0.956G   0.06451   0.03232         0   0.09683         6       640    0.3673         1     0.927    0.6549   0.02671   0.01797         0
    30/199    0.956G   0.05767    0.0291         0   0.08677        12       640    0.2341         1    0.9833    0.1493   0.03509   0.01884         0
    31/199    0.956G   0.06638   0.03406         0    0.1004         6       640     0.223         1    0.7141    0.4508   0.03208   0.01825         0
    32/199    0.956G   0.05235   0.03505         0    0.0874         4       640    0.3324         1    0.9672     0.351   0.02101   0.01811         0
    33/199    0.956G   0.05411   0.02992         0   0.08403         6       640    0.2483         1    0.9893    0.3148   0.03529   0.01745         0
    34/199    0.956G   0.06437   0.02653         0   0.09091         9       640    0.3369         1    0.9449    0.4591   0.02587   0.02175         0
    35/199    0.956G   0.05754   0.03326         0    0.0908         4       640    0.2427         1    0.9873    0.2745   0.03564   0.01828         0
    36/199    0.956G   0.06765   0.03317         0    0.1008        12       640    0.2769         1    0.9951    0.3162   0.03452   0.01968         0
    37/199    0.956G   0.05829   0.02878         0   0.08707         4       640    0.3613         1    0.8676    0.1884   0.02865   0.02105         0
    38/199    0.956G   0.05911   0.03011         0   0.08922         8       640    0.3075         1    0.9509    0.5367   0.02646   0.01703         0
    39/199    0.956G   0.05869    0.0288         0   0.08749         6       640    0.2949         1    0.9713    0.5364   0.03083   0.01763         0
    40/199    0.956G   0.06126    0.0299         0   0.09117         4       640    0.3083         1    0.7449    0.4554   0.03354   0.01736         0
    41/199    0.956G   0.06265   0.03042         0   0.09306         6       640    0.3463         1    0.8629     0.245   0.02877   0.01767         0
    42/199    0.956G   0.05493   0.03341         0   0.08834        16       640    0.3692         1    0.9951    0.4792   0.02838   0.02027         0
    43/199    0.956G   0.06051   0.02975         0   0.09026         2       640    0.4141         1    0.9951     0.488   0.02866    0.0171         0
    44/199    0.956G   0.05475    0.0277         0   0.08245         4       640    0.6527         1    0.9951    0.7294   0.01965   0.01662         0
    45/199    0.956G   0.04604   0.03016         0    0.0762         4       640    0.4988         1    0.7687    0.6431   0.02241   0.01857         0
    46/199    0.956G   0.05412   0.03007         0   0.08418        14       640     0.441         1    0.9952    0.7128   0.02192   0.01456         0
    47/199    0.956G   0.05065   0.02787         0   0.07852         4       640    0.3097         1     0.988    0.7464   0.02033   0.01474         0
    48/199    0.956G    0.0599   0.02818         0   0.08808         9       640    0.3657         1    0.9787    0.3218    0.0268   0.01845         0
    49/199    0.956G   0.05767   0.03012         0   0.08779         6       640    0.2744         1    0.9717    0.6182   0.02655   0.01689         0
    50/199    0.956G   0.05105   0.02605         0   0.07711         3       640    0.4044         1    0.9661     0.671   0.02317   0.01629         0
    51/199    0.956G   0.05201   0.02787         0   0.07988         9       640    0.4993         1    0.9866    0.3494   0.01932   0.01721         0
    52/199    0.956G   0.04757   0.02739         0   0.07496         4       640    0.4776         1    0.9952    0.5754   0.01953   0.01572         0
    53/199    0.956G   0.04998   0.02822         0    0.0782         6       640    0.5476         1    0.9953    0.6347   0.02096   0.01622         0
    54/199    0.956G   0.05492   0.02844         0   0.08336         9       640     0.395         1    0.9953    0.4443   0.02139   0.01655         0
    55/199    0.956G   0.04584   0.02582         0   0.07166         4       640    0.5016         1    0.9953    0.6109   0.01892   0.01621         0
    56/199    0.956G   0.04401   0.02684         0   0.07086        10       640    0.5312         1    0.9953    0.5693   0.01901   0.01774         0
    57/199    0.956G   0.05061   0.02633         0   0.07694        11       640    0.9973         1    0.9952    0.8418    0.0125   0.01842         0
    58/199    0.956G   0.04346   0.02584         0    0.0693        12       640    0.7711         1    0.9952    0.7215   0.01679   0.01376         0
    59/199    0.956G   0.04418    0.0277         0   0.07189         4       640    0.4143         1    0.9954    0.4799   0.02066    0.0251         0
    60/199    0.956G   0.05198   0.02834         0   0.08031        16       640    0.4473         1     0.885    0.5968   0.01605   0.01425         0
    61/199    0.956G   0.04548   0.02614         0   0.07162        16       640    0.5853         1    0.9955    0.5667   0.01859   0.01543         0
    62/199    0.956G   0.04689   0.02485         0   0.07174         4       640    0.6504         1    0.9955    0.8134   0.01514     0.013         0
    63/199    0.956G   0.03821   0.02172         0   0.05993        10       640    0.9973         1    0.9955    0.7642   0.01517   0.01337         0
    64/199    0.956G    0.0472   0.02556         0   0.07276         4       640    0.9973         1    0.9955    0.7184   0.01266   0.01403         0
    65/199    0.956G   0.04218   0.02628         0   0.06846         6       640    0.9973         1    0.9954    0.7994    0.0123   0.01292         0
    66/199    0.956G   0.04315   0.02576         0   0.06891        16       640    0.7746         1    0.8786     0.658    0.0141   0.01673         0
    67/199    0.956G   0.04484   0.02702         0   0.07185        16       640    0.9973         1    0.9954     0.756   0.01784   0.01451         0
    68/199    0.956G    0.0473   0.02852         0   0.07582         4       640    0.5853         1    0.9954    0.8883    0.0143   0.01349         0
    69/199    0.956G   0.04472   0.02382         0   0.06854         6       640    0.6604         1    0.9927    0.7259   0.01715   0.01463         0
    70/199    0.956G   0.04585     0.025         0   0.07085         5       640    0.9974         1    0.9953    0.7401   0.01439   0.01232         0
    71/199    0.956G    0.0417   0.02191         0   0.06361         4       640    0.9974         1    0.9952    0.7967  0.009864   0.01178         0
    72/199    0.956G   0.03957   0.02185         0   0.06143         5       640    0.9974         1    0.9953    0.7173   0.01437   0.01342         0
    73/199    0.956G   0.04014   0.02114         0   0.06128        12       640    0.9974         1    0.9954    0.9248   0.01065   0.01177         0
    74/199    0.956G   0.03444   0.02382         0   0.05826        16       640    0.5853         1     0.992    0.8775   0.01171   0.01218         0
    75/199    0.956G   0.03977   0.02275         0   0.06251         6       640    0.9974         1    0.9954    0.6323   0.01619   0.01691         0
    76/199    0.956G   0.03714   0.02441         0   0.06155         4       640    0.5853         1    0.9955    0.8631   0.01364   0.01527         0
    77/199    0.956G   0.03911    0.0197         0   0.05881        10       640    0.5823         1    0.9957    0.7436   0.01639   0.01285         0
    78/199    0.956G   0.04299   0.02731         0   0.07031         5       640    0.6789         1    0.9955    0.7246   0.01473   0.01881         0
    79/199    0.956G   0.04119   0.02488         0   0.06607         5       640    0.5356         1    0.9956    0.7123   0.01297   0.01494         0
    80/199    0.956G   0.03526   0.02197         0   0.05723        10       640    0.6527         1    0.9957    0.8378   0.01537   0.01173         0
    81/199    0.956G   0.04123   0.02157         0    0.0628         5       640    0.5854         1    0.9958    0.8008   0.01294   0.01116         0
    82/199    0.956G   0.03189   0.02368         0   0.05557         4       640    0.9974         1    0.9959    0.8926  0.009873   0.01093         0
    83/199    0.956G   0.03634   0.02144         0   0.05778         6       640    0.9974         1    0.9961    0.8031    0.0141    0.0119         0
    84/199    0.956G   0.03512   0.02122         0   0.05634        16       640    0.9974         1    0.9962    0.8541  0.008895   0.01066         0
    85/199    0.956G   0.03312   0.01922         0   0.05235         7       640    0.9974         1    0.9963    0.9009   0.01156   0.01103         0
    86/199    0.956G   0.03588   0.02436         0   0.06024         6       640    0.9973         1    0.9963    0.8649  0.009677   0.01033         0
    87/199    0.956G   0.03668   0.02472         0   0.06141        15       640    0.9973         1    0.9963    0.9116  0.007328  0.009737         0
    88/199    0.956G   0.03718   0.02703         0   0.06421        16       640    0.9974         1    0.9963    0.8887     0.014    0.0123         0
    89/199    0.956G    0.0291   0.02387         0   0.05296        12       640    0.9974         1    0.9963    0.9848  0.009417   0.01103         0
    90/199    0.956G   0.03027    0.0217         0   0.05197         6       640    0.8399         1    0.9961    0.9333   0.01217   0.01162         0
    91/199    0.956G   0.03812   0.02489         0   0.06302        10       640    0.9974         1    0.9959    0.7819   0.01423   0.01211         0
    92/199    0.956G   0.03438   0.02248         0   0.05686         6       640    0.9974         1    0.9962    0.8547  0.009989    0.0101         0
    93/199    0.956G   0.03182   0.02369         0    0.0555         6       640    0.9974         1    0.9959    0.8762    0.0107   0.01327         0
    94/199    0.956G   0.02772   0.02566         0   0.05337        12       640    0.9974         1    0.9961    0.8998  0.008443  0.009127         0
    95/199    0.956G   0.02558   0.02131         0   0.04688         8       640    0.9974         1     0.996    0.9418  0.007026  0.008558         0
    96/199    0.956G   0.02789   0.02283         0   0.05072         6       640    0.9974         1    0.9957    0.7883   0.01063   0.01283         0
    97/199    0.956G   0.02742   0.02188         0    0.0493         6       640    0.9974         1    0.9958    0.8144  0.008192   0.01123         0
    98/199    0.956G   0.01972   0.02022         0   0.03994         8       640    0.9974         1    0.9957    0.8894   0.00989   0.01206         0
    99/199    0.956G   0.02362   0.01769         0    0.0413         2       640    0.9973         1    0.9954    0.8414  0.009567   0.01045         0
   100/199    0.956G   0.02502   0.02153         0   0.04655         4       640    0.9974         1    0.9956    0.9516  0.006114  0.009368         0
   101/199    0.956G   0.02368   0.01895         0   0.04263         6       640    0.9974         1    0.9955    0.9407   0.01167    0.0109         0
   102/199    0.956G   0.02947   0.02116         0   0.05063         6       640    0.9974         1    0.9956    0.9162  0.005345  0.008576         0
   103/199    0.956G   0.02876   0.02147         0   0.05023         6       640    0.9973         1    0.9955    0.9877  0.005436  0.008673         0
   104/199    0.956G   0.03359   0.02407         0   0.05766        11       640    0.9974         1    0.9956    0.8827   0.01377   0.01225         0
   105/199    0.956G   0.03061   0.02483         0   0.05544         4       640    0.9974         1    0.9955    0.9052  0.008555   0.01055         0
   106/199    0.956G   0.02497   0.02027         0   0.04524        11       640    0.9974         1    0.9959    0.9748   0.01044   0.01031         0
   107/199    0.956G   0.02549    0.0197         0   0.04519         9       640    0.9974         1    0.9957     0.919  0.007646   0.01025         0
   108/199    0.956G   0.02088   0.01926         0   0.04014         4       640    0.9974         1    0.9957    0.9922  0.005741   0.01017         0
   109/199    0.956G   0.01966   0.02018         0   0.03984         4       640    0.9974         1    0.9956     0.876   0.01099    0.0108         0
   110/199    0.956G   0.02585   0.02352         0   0.04936        16       640    0.9974         1    0.9954    0.9152  0.008371  0.009918         0
   111/199    0.956G   0.02007   0.01909         0   0.03916         6       640    0.9974         1    0.9954    0.9179  0.006347  0.009343         0
   112/199    0.956G   0.02003   0.02269         0   0.04272        12       640    0.9974         1    0.9956    0.8111  0.007412    0.0101         0
   113/199    0.956G   0.01926   0.01863         0   0.03789        12       640    0.9974         1    0.9958    0.8972  0.005169  0.008754         0
   114/199    0.956G   0.01664   0.01994         0   0.03657         4       640    0.9974         1    0.9964    0.8976  0.009343   0.01018         0
   115/199    0.956G   0.02291   0.02093         0   0.04384         4       640    0.9974         1    0.9962    0.8195   0.01226   0.01116         0
   116/199    0.956G   0.02083   0.01926         0   0.04009        12       640    0.9974         1    0.9961    0.8383  0.008707   0.00986         0
   117/199    0.956G   0.01913   0.02099         0   0.04012        12       640    0.9974         1    0.9962    0.9128  0.004843  0.008634         0
   118/199    0.956G   0.02251   0.01864         0   0.04115         8       640    0.9974         1    0.9963    0.9927  0.006521  0.008796         0
   119/199    0.956G   0.02082   0.01789         0   0.03871         4       640    0.9974         1    0.9965    0.9946  0.005808  0.009229         0
   120/199    0.956G   0.02214   0.02029         0   0.04243        12       640    0.9974         1    0.9962     0.983   0.00601  0.009997         0
   121/199    0.956G   0.01869   0.01804         0   0.03673         4       640    0.9974         1    0.9961    0.9114  0.006003  0.008853         0
   122/199    0.956G   0.01716   0.01634         0   0.03351         8       640    0.9974         1    0.9962    0.9899  0.008205  0.009785         0
   123/199    0.956G   0.02088   0.02168         0   0.04256        12       640    0.9974         1    0.9962    0.8167  0.009037   0.01251         0
   124/199    0.956G   0.01896   0.01984         0    0.0388         9       640    0.9974         1    0.9962    0.9077  0.006505   0.01056         0
   125/199    0.956G   0.01587    0.0179         0   0.03378         4       640    0.9974         1    0.9967    0.9885  0.005743  0.008768         0
   126/199    0.956G   0.01662   0.01495         0   0.03158         4       640    0.9974         1    0.9962    0.9002  0.006527   0.01063         0
   127/199    0.956G    0.0149   0.01569         0   0.03058         9       640    0.9974         1    0.9962     0.929  0.004801  0.009317         0
   128/199    0.956G   0.01538   0.01543         0    0.0308         4       640    0.9974         1    0.9963    0.9713  0.008311   0.01014         0
   129/199    0.956G   0.01944   0.01828         0   0.03772         4       640    0.9974         1    0.9963    0.9753   0.00618  0.008675         0
   130/199    0.956G   0.01937   0.01646         0   0.03583         4       640    0.9974         1    0.9966    0.9965  0.006345  0.009034         0
   131/199    0.956G   0.01925   0.01587         0   0.03512         8       640    0.9974         1    0.9964    0.8399  0.008666   0.01048         0
   132/199    0.956G   0.01703   0.01722         0   0.03425         6       640    0.9974         1    0.9964    0.9146  0.004717  0.008961         0
   133/199    0.956G   0.01364   0.01572         0   0.02936         7       640    0.9974         1    0.9967    0.9967  0.005359  0.008501         0
   134/199    0.956G   0.01429   0.01662         0   0.03091         8       640    0.9974         1    0.9969    0.8783  0.006823   0.01006         0
   135/199    0.956G   0.01486   0.01615         0   0.03101        12       640    0.9974         1    0.9965    0.9419  0.004373  0.008694         0
   136/199    0.956G   0.01556    0.0167         0   0.03226         7       640    0.9974         1    0.9966    0.9009  0.009007    0.0103         0
   137/199    0.956G   0.01699   0.01684         0   0.03383         4       640    0.9974         1    0.9967    0.9417  0.005634  0.008819         0
   138/199    0.956G   0.01535   0.01667         0   0.03201        15       640    0.9974         1    0.9968    0.8975  0.007133  0.009351         0
   139/199    0.956G   0.01666   0.01891         0   0.03557         4       640    0.9974         1    0.9968    0.9659  0.004835  0.008412         0
   140/199    0.956G   0.01289   0.01484         0   0.02773         6       640    0.9974         1     0.997     0.997  0.003741  0.008623         0
   141/199    0.956G    0.0125   0.01691         0   0.02942         5       640    0.9974         1     0.997    0.9695  0.005038  0.008176         0
   142/199    0.956G   0.01617   0.01746         0   0.03363        12       640    0.9974         1    0.9968    0.9968  0.003636  0.008558         0
   143/199    0.956G   0.01133   0.01397         0    0.0253         7       640    0.9974         1    0.9969    0.9969  0.004068  0.008428         0
   144/199    0.956G   0.01719   0.01555         0   0.03274         6       640    0.9974         1    0.9965    0.7969   0.01113   0.01169         0
   145/199    0.956G   0.01847   0.01803         0   0.03651        12       640    0.9974         1    0.9966    0.9231  0.006572  0.009172         0
   146/199    0.956G   0.01268   0.01369         0   0.02638         4       640    0.9974         1    0.9969    0.9969  0.006207  0.008762         0
   147/199    0.956G    0.0164   0.01824         0   0.03464        12       640    0.9974         1    0.9968    0.9103   0.00726  0.009258         0
   148/199    0.956G   0.01516   0.01734         0    0.0325         4       640    0.9974         1    0.9969    0.9964  0.004582  0.007986         0
   149/199    0.956G   0.01338   0.01482         0    0.0282         9       640    0.9974         1    0.9969    0.9095  0.006734  0.008582         0
   150/199    0.956G   0.01862   0.01654         0   0.03515         4       640    0.9974         1    0.9969     0.904  0.005126  0.008773         0
   151/199    0.956G   0.01304   0.01667         0    0.0297         6       640    0.9974         1    0.9969    0.9026  0.006199  0.009168         0
   152/199    0.956G   0.01684   0.01907         0   0.03592         8       640    0.9974         1    0.9972    0.9178  0.006338  0.007991         0
   153/199    0.956G   0.01633    0.0165         0   0.03283         3       640    0.9974         1    0.9971    0.9971  0.004082  0.007414         0
   154/199    0.956G   0.01204   0.01437         0   0.02641         9       640    0.9974         1    0.9972    0.9972  0.003853  0.007277         0
   155/199    0.956G    0.0132   0.01613         0   0.02932        16       640    0.9974         1    0.9969    0.9969  0.005137  0.007306         0
   156/199    0.956G   0.01273   0.01413         0   0.02687         7       640    0.9974         1    0.9966    0.9307  0.004477  0.007248         0
   157/199    0.956G   0.01189   0.01347         0   0.02536        11       640    0.9974         1    0.9968    0.9097  0.006442  0.007866         0
   158/199    0.956G   0.01437    0.0168         0   0.03116        11       640    0.9974         1    0.9963    0.9363  0.004244  0.006992         0
   159/199    0.956G   0.01141   0.01552         0   0.02693         4       640    0.9974         1    0.9968    0.9904  0.003753  0.006608         0
   160/199    0.956G   0.01173   0.01482         0   0.02656         6       640    0.9974         1     0.997     0.997   0.00516  0.007704         0
   161/199    0.956G    0.0111   0.01514         0   0.02624         8       640    0.9974         1    0.9977    0.9523  0.002964  0.006465         0
   162/199    0.956G   0.01022   0.01417         0   0.02439        15       640    0.9974         1    0.9979    0.9979  0.004487  0.007063         0
   163/199    0.956G   0.01239   0.01405         0   0.02643         4       640    0.9974         1    0.9976    0.9756  0.004758  0.007765         0
   164/199    0.956G  0.009929   0.01527         0    0.0252         4       640    0.9974         1    0.9976    0.9976  0.003617  0.006769         0
   165/199    0.956G  0.009536   0.01313         0   0.02267        12       640    0.9974         1    0.9976    0.9969  0.004075  0.006629         0
   166/199    0.956G   0.01335   0.01328         0   0.02663        11       640    0.9974         1    0.9976    0.9648  0.003522  0.006535         0
   167/199    0.956G   0.01008   0.01364         0   0.02373        10       640    0.9974         1    0.9979    0.9979   0.00267  0.006101         0
   168/199    0.956G   0.01033    0.0119         0   0.02223         2       640    0.9974         1    0.9982    0.9982  0.004925   0.00725         0
   169/199    0.956G   0.01199   0.01265         0   0.02464         7       640    0.9974         1    0.9986    0.9986  0.003646  0.006505         0
   170/199    0.956G   0.01137   0.01296         0   0.02432        10       640    0.9974         1    0.9986    0.9986   0.00371  0.006895         0
   171/199    0.956G   0.01155   0.01257         0   0.02412         7       640    0.9974         1    0.9987     0.945  0.005533   0.00814         0
   172/199    0.956G   0.01133   0.01402         0   0.02535         9       640    0.9974         1    0.9987    0.9987  0.004697  0.007441         0
   173/199    0.956G  0.009915   0.01437         0   0.02428        12       640    0.9974         1    0.9983    0.9979  0.004526  0.006853         0
   174/199    0.956G  0.009787   0.01205         0   0.02184         4       640    0.9974         1    0.9983    0.9358  0.002406  0.006122         0
   175/199    0.956G  0.009111   0.01192         0   0.02104         6       640    0.9974         1    0.9988    0.9974  0.002678  0.006206         0
   176/199    0.956G  0.009469   0.01203         0    0.0215         6       640    0.9974         1    0.9984    0.9984  0.004985  0.007314         0
   177/199    0.956G   0.01242   0.01366         0   0.02608         5       640    0.9974         1    0.9984    0.9984  0.003739  0.006585         0
   178/199    0.956G  0.009563   0.01237         0   0.02193         9       640    0.9974         1    0.9984    0.9761  0.004814  0.008234         0
   179/199    0.956G   0.01175   0.01583         0   0.02758         8       640    0.9974         1    0.9985     0.929  0.004804  0.006721         0
   180/199    0.956G   0.01027   0.01575         0   0.02601         6       640    0.9974         1    0.9985    0.9369  0.004046  0.006426         0
   181/199    0.956G  0.008622   0.01331         0   0.02193         4       640    0.9974         1    0.9976    0.9968  0.002807  0.005971         0
   182/199    0.956G    0.0091   0.01332         0   0.02242         4       640    0.9974         1    0.9985    0.9985  0.003676  0.006246         0
   183/199    0.956G  0.009353   0.01302         0   0.02237         4       640    0.9974         1    0.9985    0.9984  0.002768  0.005738         0
   184/199    0.956G  0.008867   0.01196         0   0.02083         2       640    0.9974         1    0.9989    0.9988  0.003931  0.006496         0
   185/199    0.956G   0.01067   0.01422         0    0.0249        16       640    0.9974         1    0.9989    0.9989  0.002494   0.00584         0
   186/199    0.956G   0.00848    0.0133         0   0.02178        16       640    0.9974         1    0.9988    0.9988  0.003815  0.006916         0
   187/199    0.956G   0.01019   0.01342         0   0.02362        16       640    0.9974         1    0.9984    0.9983  0.003949  0.006649         0
   188/199    0.956G  0.008893   0.01228         0   0.02118         6       640    0.9974         1    0.9988    0.9988  0.002885  0.005917         0
   189/199    0.956G  0.009292   0.01209         0   0.02138         9       640    0.9974         1     0.998    0.9979  0.003622  0.006271         0
   190/199    0.956G   0.01012   0.01179         0   0.02191        10       640    0.9974         1     0.998     0.998   0.00376  0.006521         0
   191/199    0.956G  0.009402   0.01231         0   0.02171        12       640    0.9974         1    0.9983    0.9983  0.003191  0.006123         0
   192/199    0.956G  0.008391   0.01288         0   0.02127         7       640    0.9974         1    0.9984    0.9984  0.003026  0.006163         0
   193/199    0.956G  0.008507   0.01135         0   0.01986         4       640    0.9974         1    0.9984    0.9984  0.003045   0.00605         0
   194/199    0.956G  0.007895   0.01205         0   0.01995         4       640    0.9974         1    0.9984    0.9984  0.003263  0.006306         0
   195/199    0.956G   0.01072   0.01412         0   0.02484        12       640    0.9974         1     0.998     0.998  0.003305  0.006515         0
   196/199    0.956G  0.009968   0.01354         0    0.0235        14       640    0.9974         1    0.9984    0.9984  0.002128   0.00576         0
   197/199    0.956G   0.00886    0.0129         0   0.02176        16       640    0.9974         1    0.9978    0.9978  0.002956  0.006652         0
   198/199    0.956G  0.009188   0.01219         0   0.02138         8       640    0.9974         1    0.9978    0.9978  0.003382  0.006271         0
   199/199    0.956G  0.008071   0.01381         0   0.02188        16       640    0.9974         1    0.9981    0.9953  0.002628  0.005957         0
