     0/199    0.818G    0.1241    0.0681         0    0.1922         9       640         0         0  0.009616  0.002727   0.07327   0.04664         0
     1/199    0.893G     0.113   0.07149         0    0.1845         8       640         0         0  0.009599  0.002691   0.07345   0.04654         0
     2/199    0.893G    0.1191    0.1062         0    0.2254        16       640         0         0  0.009832  0.002745   0.07354    0.0466         0
     3/199    0.893G    0.1207   0.09914         0    0.2198        16       640         0         0   0.00992  0.002766   0.07353   0.04667         0
     4/199    0.893G   0.07249   0.05834         0    0.1308         6       640         0         0  0.009742  0.002339   0.07353   0.04668         0
     5/199    0.893G   0.07155   0.04583         0    0.1174         4       640         0         0  0.009426  0.001711   0.07353   0.04672         0
     6/199    0.893G   0.07506   0.04711         0    0.1222         4       640         0         0  0.009399  0.001329   0.07354   0.04683         0
     7/199    0.893G   0.07493   0.04352         0    0.1185         4       640         0         0   0.00387  0.000387   0.07351   0.04684         0
     8/199    0.893G   0.07294   0.05952         0    0.1325         6       640         0         0  0.003966 0.0003966   0.07336   0.04691         0
     9/199    0.893G   0.07834     0.041         0    0.1193         4       640         0         0  0.003966 0.0003966   0.07298   0.04714         0
    10/199    0.893G   0.07746   0.05022         0    0.1277         6       640         0         0         0         0   0.07288   0.04716         0
    11/199    0.893G    0.1247   0.04911         0    0.1738         6       640         0         0         0         0   0.07266   0.04737         0
    12/199    0.893G    0.1257   0.05792         0    0.1836         6       640         0         0         0         0   0.07234   0.04763         0
    13/199    0.893G    0.0685    0.0643         0    0.1328         6       640         0         0         0         0   0.07211   0.04781         0
    14/199    0.893G    0.1176   0.09092         0    0.2085        16       640         0         0         0         0   0.07178   0.04804         0
    15/199    0.893G    0.1189   0.07713         0    0.1961        12       640         0         0  0.003966 0.0003966   0.07125   0.04848         0
    16/199    0.893G    0.1208    0.0937         0    0.2145        16       640         0         0  0.003863 0.0007726     0.071   0.04877         0
    17/199    0.893G    0.1249   0.08283         0    0.2077        12       640         0         0  0.003848 0.0007696   0.07101   0.04883         0
    18/199    0.893G    0.1184    0.1092         0    0.2276        16       640         0         0  0.003855 0.0007711   0.07087     0.049         0
    19/199    0.893G   0.07514   0.04282         0     0.118         4       640         0         0   0.00382  0.000764   0.07058   0.04925         0
    20/199    0.893G    0.1263   0.06214         0    0.1885         8       640         0         0  0.003742 0.0007483   0.07014   0.04972         0
    21/199    0.893G     0.118   0.09881         0    0.2168        16       640         0         0    0.0037   0.00074   0.06994   0.04994         0
    22/199    0.893G   0.07909   0.04002         0    0.1191         4       640         0         0   0.01015   0.00138   0.06931   0.05045         0
    23/199    0.893G   0.07324   0.05389         0    0.1271         6       640         0         0  0.009888  0.001346   0.06879   0.05074         0
    24/199    0.893G   0.07543   0.05242         0    0.1279         6       640         0         0  0.009607  0.001311   0.06835   0.05103         0
    25/199    0.893G    0.1204   0.08832         0    0.2087        12       640         0         0  0.009898  0.001335   0.06807    0.0513         0
    26/199    0.893G    0.1267   0.05187         0    0.1786         6       640         0         0  0.009416  0.001883   0.06792   0.05148         0
    27/199    0.893G    0.1183    0.1007         0    0.2191        16       640         0         0   0.01108  0.001849    0.0676   0.05176         0
    28/199    0.893G   0.06958   0.03973         0    0.1093         4       640         0         0   0.01103  0.001835   0.06731   0.05199         0
    29/199    0.893G    0.1214   0.07625         0    0.1976         9       640         0         0   0.01144   0.00269   0.06712   0.05218         0
    30/199    0.893G   0.07478   0.05436         0    0.1291         6       640         0         0   0.01162  0.003108   0.06664   0.05257         0
    31/199    0.893G    0.0735   0.05545         0     0.129         6       640         0         0   0.01212  0.002425   0.06651   0.05255         0
    32/199    0.893G   0.07476   0.03545         0    0.1102         2       640         0         0   0.01157  0.002313   0.06639   0.05263         0
    33/199    0.893G   0.07843   0.04442         0    0.1228         6       640         0         0   0.01131  0.002262    0.0658   0.05312         0
    34/199    0.895G    0.1214   0.06995         0    0.1913         9       640         0         0   0.01429  0.003203   0.06543   0.05348         0
    35/199    0.895G   0.07649   0.05753         0     0.134         8       640         0         0   0.01325  0.002993   0.06524   0.05352         0
    36/199    0.895G    0.1245   0.08407         0    0.2086        16       640         0         0   0.01358  0.003059   0.06496   0.05379         0
    37/199    0.895G    0.1232   0.05865         0    0.1819         6       640         0         0   0.01463  0.002927   0.06452   0.05415         0
    38/199    0.895G    0.1135   0.09449         0    0.2079        15       640         0         0    0.0131  0.002619   0.06408   0.05451         0
    39/199    0.895G   0.07613    0.0436         0    0.1197         4       640         0         0   0.01364  0.002727   0.06379   0.05472         0
    40/199    0.895G   0.07359   0.05388         0    0.1275         6       640         0         0   0.01434  0.002237   0.06373   0.05466         0
    41/199    0.895G   0.06943   0.04547         0    0.1149         4       640         0         0   0.01465  0.002289   0.06344    0.0549         0
    42/199    0.895G    0.1167    0.1147         0    0.2315        16       640         0         0   0.01453  0.002263   0.06319   0.05512         0
    43/199    0.895G    0.0803   0.03563         0    0.1159         4       640         0         0   0.01578  0.001967   0.06295   0.05531         0
    44/199    0.895G    0.0683   0.07543         0    0.1437         8       640         0         0   0.01555  0.001942   0.06278   0.05546         0
    45/199    0.895G    0.1291   0.04424         0    0.1733         6       640         0         0    0.0114   0.00114   0.06286   0.05543         0
    46/199    0.895G    0.1071   0.06853         0    0.1756         8       640         0         0   0.01573  0.001951   0.06323   0.05521         0
    47/199    0.895G   0.06381   0.03655         0    0.1004         2       640         0         0   0.01682  0.002059   0.06365   0.05486         0
    48/199    0.895G    0.1169   0.05834         0    0.1752         6       640         0         0   0.01373  0.001757    0.0638   0.05487         0
    49/199    0.895G   0.07236   0.05009         0    0.1225         6       640         0         0  0.003878 0.0007756   0.06396   0.05456         0
    50/199    0.895G   0.07075   0.04433         0    0.1151         4       640         0         0  0.009367  0.001337   0.06411   0.05454         0
    51/199    0.895G   0.07178    0.0564         0    0.1282         6       640         0         0  0.006954 0.0006954   0.06426   0.05439         0
    52/199    0.895G   0.08021   0.03803         0    0.1182         4       640         0         0  0.004118 0.0004118   0.06418   0.05435         0
    53/199    0.895G    0.1116    0.0785         0    0.1901        12       640         0         0  0.006877 0.0006877   0.06392   0.05459         0
    54/199    0.895G   0.07141   0.05348         0    0.1249         6       640         0         0  0.009967 0.0009967   0.06379   0.05459         0
    55/199    0.895G   0.07343   0.04349         0    0.1169         4       640         0         0   0.01006  0.001446   0.06363   0.05451         0
    56/199    0.895G   0.06886   0.05594         0    0.1248         6       640         0         0  0.004492 0.0008985   0.06344   0.05458         0
    57/199    0.895G   0.07248   0.03292         0    0.1054         2       640         0         0   0.01008   0.00251   0.06342   0.05463         0
    58/199    0.895G    0.1258   0.04723         0     0.173         6       640         0         0  0.003941  0.001576   0.06353   0.05465         0
    59/199    0.895G    0.1076   0.06527         0    0.1729         8       640         0         0  0.003917  0.001567   0.06329   0.05486         0
    60/199    0.895G   0.07105   0.04492         0     0.116         4       640         0         0  0.006828  0.001831   0.06355   0.05483         0
    61/199    0.895G   0.07101   0.04437         0    0.1154         4       640         0         0  0.003695  0.001478   0.06366   0.05485         0
    62/199    0.895G   0.07099   0.04733         0    0.1183         4       640         0         0  0.003555  0.001422   0.06369   0.05478         0
    63/199    0.895G    0.1089    0.1289         0    0.2377        16       640         0         0  0.003591  0.001436   0.06355   0.05495         0
    64/199    0.895G   0.07035   0.04713         0    0.1175         4       640         0         0  0.003485  0.001394   0.06358   0.05488         0
    65/199    0.895G   0.06835   0.05122         0    0.1196         4       640         0         0  0.003434 0.0006869   0.06409   0.05444         0
    66/199    0.895G    0.1152   0.07862         0    0.1938         9       640         0         0  0.003434 0.0006869   0.06418   0.05445         0
    67/199    0.895G   0.06372   0.03617         0   0.09989         2       640         0         0  0.003441 0.0006882   0.06421    0.0545         0
    68/199    0.895G    0.1192   0.07028         0    0.1895         9       640         0         0  0.003477 0.0006955   0.06439   0.05424         0
    69/199    0.895G    0.1191    0.1026         0    0.2217        16       640         0         0  0.003493 0.0006986   0.06482   0.05391         0
    70/199    0.895G    0.1097     0.102         0    0.2117        12       640         0         0  0.003533 0.0003533   0.06495   0.05379         0
    71/199    0.895G   0.07187   0.05772         0    0.1296         8       640         0         0  0.003573 0.0003573   0.06523   0.05353         0
    72/199    0.895G    0.1142   0.07462         0    0.1888         9       640         0         0  0.003606 0.0003606   0.06578   0.05309         0
    73/199    0.895G   0.06675   0.04884         0    0.1156         4       640         0         0  0.003559 0.0003559    0.0658   0.05315         0
    74/199    0.895G    0.1075   0.06323         0    0.1707         6       640         0         0  0.007391 0.0007391   0.06592    0.0531         0
    75/199    0.895G    0.1143   0.09457         0    0.2088        12       640         0         0  0.003424 0.0003424   0.06643   0.05266         0
    76/199    0.895G    0.1153   0.09463         0    0.2099        12       640         0         0  0.003501 0.0003501   0.06636   0.05263         0
    77/199    0.895G    0.1203   0.05157         0    0.1719         6       640         0         0         0         0   0.06701   0.05238         0
    78/199    0.895G   0.06861   0.04582         0    0.1144         4       640         0         0  0.003564 0.0003564   0.06632   0.05294         0
    79/199    0.895G   0.06657   0.04692         0    0.1135         4       640         0         0  0.007249 0.0007249   0.06633   0.05303         0
    80/199    0.895G    0.1181   0.09511         0    0.2132        16       640         0         0         0         0   0.06695   0.05266         0
    81/199    0.895G   0.06828   0.04696         0    0.1152         4       640         0         0         0         0   0.06723   0.05244         0
    82/199    0.895G    0.0688   0.04798         0    0.1168         4       640         0         0         0         0   0.06677   0.05284         0
    83/199    0.895G   0.06445    0.0482         0    0.1127         4       640         0         0         0         0     0.067   0.05274         0
    84/199    0.895G   0.06398   0.06074         0    0.1247         6       640         0         0         0         0   0.06649   0.05316         0
    85/199    0.895G   0.06434   0.05289         0    0.1172         4       640         0         0         0         0   0.06599   0.05362         0
    86/199    0.895G   0.06614   0.06583         0     0.132         6       640         0         0         0         0   0.06542   0.05426         0
    87/199    0.895G     0.117    0.1021         0     0.219        16       640         0         0         0         0   0.06423   0.05531         0
    88/199    0.895G    0.1018   0.05938         0    0.1611         6       640         0         0  0.003646 0.0003646   0.06417    0.0554         0
    89/199    0.895G    0.1138   0.07274         0    0.1865         8       640         0         0  0.003521 0.0003521   0.06403   0.05578         0
    90/199    0.895G   0.06181   0.06941         0    0.1312         8       640         0         0         0         0   0.06405   0.05578         0
    91/199    0.895G   0.07029   0.04072         0     0.111         4       640         0         0         0         0   0.06449    0.0554         0
    92/199    0.895G   0.06338   0.06478         0    0.1282         6       640         0         0         0         0   0.06421   0.05553         0
    93/199    0.895G    0.1077   0.05945         0    0.1671         6       640         0         0  0.003533 0.0003533   0.06428   0.05523         0
    94/199    0.895G   0.06003   0.05164         0    0.1117         4       640         0         0         0         0    0.0633   0.05571         0
    95/199    0.895G    0.1105    0.0661         0    0.1766         8       640         0         0         0         0   0.06308   0.05565         0
    96/199    0.895G   0.07398   0.03242         0    0.1064         2       640         0         0         0         0   0.06313   0.05554         0
    97/199    0.895G    0.0715   0.04386         0    0.1154         4       640         0         0  0.003356 0.0003356   0.06286   0.05564         0
    98/199    0.895G    0.1176   0.08347         0    0.2011        12       640         0         0         0         0   0.06228   0.05658         0
    99/199    0.895G   0.09982   0.07291         0    0.1727         8       640         0         0         0         0   0.06226   0.05644         0
   100/199    0.895G    0.1212   0.05426         0    0.1754         6       640         0         0         0         0    0.0623   0.05616         0
   101/199    0.895G   0.06364   0.04728         0    0.1109         4       640         0         0         0         0   0.06243   0.05579         0
   102/199    0.895G   0.06268   0.04894         0    0.1116         4       640         0         0         0         0   0.06253   0.05539         0
   103/199    0.895G     0.061   0.06677         0    0.1278         6       640         0         0         0         0   0.06237   0.05543         0
   104/199    0.895G   0.06819   0.04668         0    0.1149         4       640         0         0         0         0   0.06251   0.05531         0
   105/199    0.895G   0.06736   0.04778         0    0.1151         4       640         0         0         0         0   0.06239   0.05544         0
   106/199    0.895G   0.06826    0.0467         0     0.115         4       640         0         0         0         0   0.06243   0.05542         0
   107/199    0.895G    0.1143   0.09674         0    0.2111        12       640         0         0         0         0   0.06251   0.05538         0
   108/199    0.895G   0.06131    0.0496         0    0.1109         4       640         0         0         0         0   0.06234    0.0555         0
   109/199    0.895G    0.1084    0.1193         0    0.2277        16       640         0         0         0         0   0.06242   0.05552         0
   110/199    0.895G   0.06376   0.03371         0   0.09747         2       640         0         0         0         0   0.06247   0.05551         0
   111/199    0.895G    0.1097    0.1143         0     0.224        16       640         0         0         0         0   0.06204   0.05619         0
   112/199    0.895G    0.1123   0.09721         0    0.2095        12       640         0         0         0         0   0.06184   0.05627         0
   113/199    0.895G    0.1067   0.05484         0    0.1616         6       640         0         0         0         0   0.06222   0.05587         0
   114/199    0.895G     0.114   0.09034         0    0.2043        15       640         0         0         0         0   0.06178   0.05678         0
   115/199    0.895G    0.1148    0.1258         0    0.2407        16       640         0         0         0         0   0.06148   0.05732         0
   116/199    0.895G    0.1132   0.05624         0    0.1694         6       640         0         0         0         0   0.06131   0.05746         0
   117/199    0.895G    0.1131   0.06143         0    0.1745         6       640         0         0         0         0   0.06134   0.05755         0
   118/199    0.895G    0.1043   0.07989         0    0.1842         8       640         0         0         0         0   0.06155    0.0569         0
   119/199    0.895G   0.05831   0.04216         0    0.1005         3       640         0         0         0         0   0.06194   0.05624         0
   120/199    0.895G   0.06279   0.05036         0    0.1131         4       640         0         0         0         0   0.06146    0.0564         0
   121/199    0.895G   0.06102   0.05116         0    0.1122         4       640         0         0         0         0   0.06167   0.05619         0
   122/199    0.895G   0.06182   0.05152         0    0.1133         4       640         0         0         0         0   0.06142   0.05646         0
   123/199    0.895G   0.05938   0.05101         0    0.1104         4       640         0         0         0         0   0.06152   0.05695         0
   124/199    0.895G   0.09401   0.07446         0    0.1685         8       640         0         0         0         0   0.06127   0.05692         0
   125/199    0.895G    0.1119   0.07936         0    0.1912        11       640         0         0         0         0   0.06127   0.05707         0
   126/199    0.895G    0.0629   0.04738         0    0.1103         4       640         0         0         0         0   0.06147    0.0571         0
   127/199    0.895G   0.05813    0.0543         0    0.1124         4       640         0         0         0         0   0.06195   0.05691         0
   128/199    0.895G   0.05542   0.05178         0    0.1072         4       640         0         0         0         0   0.06244   0.05629         0
   129/199    0.895G   0.06561   0.04495         0    0.1106         4       640         0         0         0         0   0.06316   0.05553         0
   130/199    0.895G    0.1103   0.08266         0     0.193        12       640         0         0         0         0   0.06292   0.05577         0
   131/199    0.895G    0.1062   0.08358         0    0.1898         9       640         0         0  0.005301 0.0005301    0.0636   0.05501         0
   132/199    0.895G    0.1099   0.06729         0    0.1772         6       640         0         0         0         0   0.06191   0.05691         0
   133/199    0.895G   0.06301   0.04902         0     0.112         6       640         0         0         0         0   0.06157   0.05705         0
   134/199    0.895G   0.05664   0.05122         0    0.1079         4       640         0         0         0         0   0.06213   0.05656         0
   135/199    0.895G   0.06449   0.06645         0    0.1309         8       640         0         0         0         0   0.06192    0.0567         0
   136/199    0.895G    0.1094   0.05492         0    0.1643         6       640         0         0         0         0   0.06243   0.05614         0
   137/199    0.895G   0.06137   0.04602         0    0.1074         4       640         0         0         0         0   0.06192   0.05676         0
   138/199    0.895G    0.1222   0.08026         0    0.2025        12       640         0         0         0         0   0.06232   0.05612         0
   139/199    0.895G    0.1017    0.0635         0    0.1652         6       640         0         0         0         0   0.06329   0.05474         0
   140/199    0.895G   0.05949   0.03583         0   0.09532         2       640         0         0         0         0   0.06344   0.05455         0
   141/199    0.895G    0.0584   0.06456         0     0.123         6       640         0         0         0         0   0.06298   0.05476         0
   142/199    0.895G   0.05624   0.07363         0    0.1299         6       640         0         0         0         0   0.06289   0.05482         0
   143/199    0.895G    0.1118   0.05782         0    0.1696         6       640         0         0         0         0   0.06374   0.05389         0
   144/199    0.895G   0.05329   0.05381         0    0.1071         4       640         0         0  0.003799 0.0003799   0.06481   0.05308         0
   145/199    0.895G    0.1103   0.09692         0    0.2072        12       640         0         0         0         0   0.06639    0.0519         0
   146/199    0.895G   0.06152   0.05076         0    0.1123         4       640         0         0  0.003441  0.001032   0.06634   0.05184         0
   147/199    0.895G    0.1045   0.09231         0    0.1968        12       640         0         0  0.003834 0.0007668    0.0663   0.05177         0
   148/199    0.895G    0.1065    0.0609         0    0.1674         6       640         0         0  0.003885 0.0007771   0.06588   0.05202         0
   149/199    0.895G   0.05908   0.07216         0    0.1312         6       640         0         0  0.004087 0.0004087   0.06627   0.05163         0
   150/199    0.895G   0.06343   0.05792         0    0.1214         7       640         0         0  0.003958 0.0003958   0.06659   0.05142         0
   151/199    0.895G   0.05393   0.05487         0    0.1088         4       640         0         0  0.003863 0.0003863   0.06654   0.05131         0
   152/199    0.895G   0.05868   0.06387         0    0.1225         6       640         0         0  0.003925 0.0003925   0.06679     0.051         0
   153/199    0.895G    0.1041    0.1277         0    0.2318        16       640         0         0  0.003909 0.0007817   0.06649   0.05104         0
   154/199    0.895G    0.1026    0.1092         0    0.2118        12       640         0         0  0.003993 0.0003993   0.06642   0.05114         0
   155/199    0.895G    0.1028   0.09292         0    0.1957         9       640         0         0  0.003925 0.0007849   0.06655   0.05094         0
   156/199    0.895G   0.06185   0.04916         0     0.111         4       640         0         0  0.004067 0.0004067   0.06658   0.05105         0
   157/199    0.895G   0.05322   0.05811         0    0.1113         4       640         0         0  0.003917 0.0003917    0.0667   0.05097         0
   158/199    0.895G     0.109   0.06553         0    0.1745         8       640         0         0  0.003855 0.0003855   0.06683   0.05083         0
   159/199    0.895G      0.11    0.1147         0    0.2247        15       640         0         0  0.003949 0.0003949   0.06701   0.05066         0
   160/199    0.895G    0.1095    0.1193         0    0.2288        16       640         0         0  0.003949 0.0003949   0.06685    0.0507         0
   161/199    0.895G   0.05986   0.05006         0    0.1099         4       640         0         0   0.00387  0.000387   0.06708   0.05055         0
   162/199    0.895G   0.06015   0.07351         0    0.1337         9       640         0         0   0.00373  0.000373   0.06708   0.05065         0
   163/199    0.895G   0.05137   0.06058         0     0.112         4       640         0         0  0.003651 0.0003651   0.06702   0.05073         0
   164/199    0.895G    0.0657   0.03434         0       0.1         2       640         0         0         0         0   0.06733   0.05033         0
   165/199    0.895G   0.09718   0.06342         0    0.1606         6       640         0         0         0         0   0.06791   0.04981         0
   166/199    0.895G   0.04902   0.03884         0   0.08785         2       640         0         0         0         0   0.06787   0.04969         0
   167/199    0.895G   0.06458   0.05715         0    0.1217         6       640         0         0         0         0   0.06787   0.04969         0
   168/199    0.895G   0.08998   0.07058         0    0.1606         8       640         0         0         0         0   0.06814   0.04959         0
   169/199    0.895G    0.1021    0.1368         0    0.2389        16       640         0         0         0         0   0.06814   0.04959         0
   170/199    0.895G    0.1082    0.1285         0    0.2367        16       640         0         0         0         0   0.06763   0.04977         0
   171/199    0.895G   0.09939   0.08308         0    0.1825         8       640         0         0         0         0   0.06763   0.04977         0
   172/199    0.895G    0.1035    0.0887         0    0.1922         9       640         0         0         0         0   0.06619   0.05111         0
   173/199    0.895G    0.1056   0.07552         0    0.1812        10       640         0         0         0         0   0.06619   0.05111         0
   174/199    0.895G    0.1013    0.1156         0    0.2169        15       640         0         0         0         0   0.06662   0.05091         0
   175/199    0.895G   0.06052   0.05168         0    0.1122         6       640         0         0         0         0   0.06662   0.05091         0
   176/199    0.895G   0.06067   0.04941         0    0.1101         4       640         0         0         0         0   0.06669   0.05072         0
   177/199    0.895G   0.06307   0.04591         0     0.109         4       640         0         0         0         0   0.06669   0.05072         0
   178/199    0.895G   0.08715   0.07123         0    0.1584         6       640         0         0         0         0     0.067   0.05077         0
   179/199    0.895G    0.1115   0.09915         0    0.2107        16       640         0         0         0         0     0.067   0.05077         0
   180/199    0.895G   0.08846    0.1228         0    0.2112        12       640         0         0         0         0   0.06645   0.05129         0
   181/199    0.895G   0.06701   0.04758         0    0.1146         6       640         0         0         0         0   0.06645   0.05129         0
   182/199    0.895G   0.05964   0.03902         0   0.09866         3       640         0         0         0         0   0.06662   0.05123         0
   183/199    0.895G   0.08697   0.08622         0    0.1732         8       640         0         0         0         0   0.06662   0.05123         0
   184/199    0.895G   0.06614    0.0531         0    0.1192         8       640         0         0         0         0   0.06625   0.05138         0
   185/199    0.895G    0.1044    0.1025         0    0.2069        12       640         0         0         0         0   0.06625   0.05138         0
   186/199    0.895G   0.08116   0.09536         0    0.1765         8       640         0         0         0         0   0.06628   0.05115         0
   187/199    0.895G    0.1028   0.06591         0    0.1687         8       640         0         0         0         0   0.06628   0.05115         0
   188/199    0.895G   0.05995    0.0597         0    0.1197         6       640         0         0         0         0   0.06611    0.0508         0
   189/199    0.895G    0.1141    0.1128         0    0.2269        16       640         0         0         0         0   0.06611    0.0508         0
   190/199    0.895G   0.05317   0.04338         0   0.09655         3       640         0         0         0         0   0.06578   0.05091         0
   191/199    0.895G   0.05358   0.06525         0    0.1188         6       640         0         0         0         0   0.06578   0.05091         0
   192/199    0.895G    0.0649   0.04799         0    0.1129         6       640         0         0         0         0    0.0649   0.05147         0
   193/199    0.895G   0.09793   0.08667         0    0.1846         9       640         0         0         0         0    0.0649   0.05147         0
   194/199    0.895G   0.06022   0.06736         0    0.1276         6       640         0         0         0         0   0.06405   0.05199         0
   195/199    0.895G    0.1164   0.06952         0    0.1859         8       640         0         0         0         0   0.06405   0.05199         0
   196/199    0.895G    0.1013    0.1355         0    0.2368        16       640         0         0         0         0    0.0636   0.05231         0
   197/199    0.895G    0.1055   0.08327         0    0.1888         9       640         0         0         0         0    0.0636   0.05231         0
   198/199    0.895G   0.05376   0.05163         0    0.1054         4       640         0         0         0         0   0.06316   0.05262         0
   199/199    0.895G   0.05791    0.0361         0   0.09401         2       640         0         0         0         0   0.06316   0.05262         0
