     0/249    0.904G    0.1206   0.06346         0    0.1841        44       640         0         0         0         0   0.07057   0.04856         0
     1/249    0.904G     0.116   0.06316         0    0.1792        22       640         0         0  0.006993  0.001097   0.06386   0.05392         0
     2/249    0.906G     0.109   0.06364         0    0.1726        28       640         0         0   0.01065   0.00176   0.05799   0.05804         0
     3/249    0.906G   0.09554   0.06732         0    0.1629        31       640         0         0   0.01048  0.001735   0.05594   0.05947         0
     4/249    0.906G   0.09066   0.08223         0    0.1729        40       640         0         0   0.01592  0.003029   0.05203   0.06321         0
     5/249    0.906G   0.08573   0.08129         0     0.167        26       640         0         0    0.0108  0.003186   0.05263    0.0633         0
     6/249    0.906G   0.07752   0.07584         0    0.1534        28       640         0         0         0         0   0.05623   0.05895         0
     7/249    0.906G   0.07253   0.08007         0    0.1526        37       640         0         0  0.004139 0.0004139    0.0542   0.05775         0
     8/249    0.906G   0.07457   0.08051         0    0.1551        22       640         0         0   0.01176  0.003594   0.05107   0.05869         0
     9/249    0.906G   0.07356   0.07226         0    0.1458        21       640         0         0   0.02259  0.005988   0.05167   0.05366         0
    10/249    0.906G   0.06643   0.07931         0    0.1457        36       640         1  0.004167    0.4284    0.1812   0.04072   0.06048         0
    11/249    0.906G     0.063   0.07024         0    0.1332        28       640    0.7475      0.75    0.7352    0.2401   0.03869   0.05547         0
    12/249    0.906G   0.06232   0.06841         0    0.1307        26       640    0.2498         1    0.8284    0.3915   0.03433     0.046         0
    13/249    0.906G   0.05699   0.05896         0     0.116        26       640    0.1739         1    0.7879    0.2739   0.03454    0.0379         0
    14/249    0.906G   0.05607   0.05827         0    0.1143        40       640    0.1481         1     0.711    0.1152   0.04136   0.03476         0
    15/249    0.906G   0.05501   0.06061         0    0.1156        24       640    0.1904         1    0.7312    0.3562    0.0368   0.03454         0
    16/249    0.906G   0.05814   0.05195         0    0.1101        34       640    0.2351         1    0.9451     0.556   0.03272   0.03208         0
    17/249    0.906G   0.06736   0.04768         0     0.115        46       640    0.1666         1    0.8701    0.3857   0.04226   0.02862         0
    18/249    0.906G   0.06678   0.04502         0    0.1118        33       640       0.2         1     0.822    0.2227   0.04756   0.02774         0
    19/249    0.906G   0.06813   0.04484         0     0.113        42       640    0.2666         1    0.9951    0.8461   0.03706   0.02858         0
    20/249    0.906G   0.06427   0.03708         0    0.1013        22       640    0.2665         1    0.9951    0.2074   0.04652   0.02702         0
    21/249    0.906G   0.06682   0.04234         0    0.1092        20       640    0.2665         1    0.9951    0.3069    0.0404   0.02622         0
    22/249    0.906G   0.06524   0.03811         0    0.1033        37       640    0.1667         1    0.9451    0.1693   0.05078   0.02821         0
    23/249    0.906G   0.05823   0.03817         0   0.09641        35       640    0.2352         1    0.9951     0.786   0.03442   0.03209         0
    24/249    0.906G   0.06509   0.03708         0    0.1022        34       640    0.2104         1    0.6699   0.07949   0.05008   0.02455         0
    25/249    0.906G   0.06773   0.03508         0    0.1028        40       640    0.1904         1    0.9117    0.4812   0.03656   0.02776         0
    26/249    0.906G   0.06683   0.03754         0    0.1044        14       640    0.2221         1    0.8951    0.6069   0.03931    0.0246         0
    27/249    0.906G   0.06488   0.03856         0    0.1034        30       640     0.222         1    0.9951    0.3484   0.03718   0.02325         0
    28/249    0.906G   0.06896   0.03459         0    0.1036        26       640    0.1903         1    0.9951    0.6218   0.04386   0.02359         0
    29/249    0.906G   0.06794   0.03455         0    0.1025        37       640    0.2855         1    0.9951     0.846   0.03138   0.02481         0
    30/249    0.906G   0.06549   0.03565         0    0.1011        39       640    0.1738         1    0.9951   0.09951   0.04315   0.02466         0
    31/249    0.906G   0.07865   0.03635         0     0.115        42       640    0.1379         1    0.8492    0.4685   0.05273   0.02292         0
    32/249    0.906G    0.0812   0.02849         0    0.1097        38       640    0.1538         1    0.8284      0.17   0.05843   0.02387         0
    33/249    0.906G   0.07126   0.03844         0    0.1097        28       640    0.2498         1    0.8951    0.3014   0.04846    0.0249         0
    34/249    0.906G   0.06094   0.02807         0   0.08901        26       640    0.1739         1    0.9951    0.3298   0.06235   0.02028         0
    35/249    0.906G   0.06927   0.03311         0    0.1024        39       640    0.1538         1    0.9451     0.296   0.05171   0.02459         0
    36/249    0.906G   0.07353   0.03171         0    0.1052        22       640    0.1379         1    0.5012    0.1284   0.05831   0.02274         0
    37/249    0.906G   0.06993   0.03881         0    0.1087        39       640    0.1739         1    0.9951     0.398   0.05681   0.02014         0
    38/249    0.906G   0.07386   0.02907         0    0.1029        32       640    0.2855         1    0.9951    0.7299   0.05984   0.01802         0
    39/249    0.906G   0.07565   0.03204         0    0.1077        30       640    0.1999         1    0.9951    0.6284   0.04777   0.02286         0
    40/249    0.906G   0.07447   0.03881         0    0.1133        38       640    0.3074         1    0.9951    0.1246   0.04457   0.03416         0
    41/249    0.906G   0.06652   0.04137         0    0.1079        34       640    0.4441         1    0.9951    0.1702   0.04032   0.03551         0
    42/249    0.906G   0.06067   0.04269         0    0.1034        34       640    0.3331         1    0.8879    0.3606   0.03335   0.03622         0
    43/249    0.906G   0.05962   0.04642         0     0.106        50       640    0.3076         1    0.7629    0.4069    0.0357   0.03448         0
    44/249    0.906G   0.05863   0.04389         0    0.1025        28       640    0.3329         1    0.4976    0.2834   0.03382   0.03352         0
    45/249    0.906G   0.06273   0.03905         0    0.1018        34       640    0.2222         1    0.4194    0.1108   0.04066   0.02683         0
    46/249    0.906G   0.05147   0.03561         0   0.08708        32       640    0.3632         1    0.9951    0.3028   0.03251   0.02573         0
    47/249    0.906G   0.04983   0.03785         0   0.08768        40       640    0.2499         1    0.9451    0.6841   0.02534   0.02134         0
    48/249    0.906G   0.05583    0.0367         0   0.09253        21       640    0.1999         1    0.8284    0.4025    0.0481   0.02151         0
    49/249    0.906G   0.07484    0.0354         0    0.1102        42       640    0.1998         1    0.9451    0.3287   0.04685    0.0179         0
    50/249    0.906G   0.06532   0.02839         0   0.09371        24       640    0.2104         1    0.9951    0.4044   0.04795   0.01821         0
    51/249    0.906G   0.06248   0.02884         0   0.09131        22       640    0.1999         1    0.9951    0.4665   0.04755   0.01852         0
    52/249    0.906G   0.06689   0.02847         0   0.09536        24       640    0.1999         1    0.9951     0.506   0.05201   0.01828         0
    53/249    0.906G   0.08217   0.02896         0    0.1111        33       640    0.1667         1    0.7173   0.09458   0.05607   0.01857         0
    54/249    0.906G   0.07818   0.02863         0    0.1068        39       640    0.4436         1    0.9951    0.3797   0.04983    0.0207         0
    55/249    0.906G   0.07415      0.03         0    0.1042        37       640    0.3631         1    0.9951    0.5723   0.04213   0.02603         0
    56/249    0.906G   0.07423   0.03545         0    0.1097        40       640    0.4437         1    0.9951     0.199   0.04405   0.02291         0
    57/249    0.906G   0.07676   0.03347         0    0.1102        28       640    0.2499         1    0.9951    0.2985   0.04258   0.02141         0
    58/249    0.906G   0.06954   0.02696         0    0.0965        25       640    0.3333         1    0.9951    0.6345   0.03909   0.02043         0
    59/249    0.906G   0.07049   0.03014         0    0.1006        56       640      0.25         1    0.9951    0.3609    0.0406   0.01945         0
    60/249    0.906G   0.06582   0.02814         0   0.09396        18       640      0.25         1    0.9951    0.3609    0.0406   0.01945         0
    61/249    0.906G   0.07319   0.02732         0    0.1005        35       640    0.2499         1    0.9951    0.2553     0.045   0.01917         0
    62/249    0.906G   0.07044   0.03132         0    0.1018        44       640    0.2499         1    0.9951    0.2242   0.04688   0.01913         0
    63/249    0.906G   0.07268    0.0315         0    0.1042        22       640    0.2221         1    0.9951     0.199   0.04784   0.01899         0
    64/249    0.906G   0.07165    0.0336         0    0.1052        29       640    0.2221         1    0.9951     0.199   0.04815   0.01888         0
    65/249    0.906G   0.06931   0.02986         0   0.09917        28       640    0.2352         1    0.9951    0.1806   0.04613   0.01822         0
    66/249    0.906G   0.05927   0.02794         0   0.08721        30       640    0.2665         1    0.9951    0.3114    0.0418   0.01737         0
    67/249    0.906G   0.06161   0.03221         0   0.09382        34       640    0.3331         1    0.9951    0.6966   0.03652   0.01679         0
    68/249    0.906G   0.05723   0.03332         0   0.09055        38       640    0.3076         1    0.9951    0.8956   0.03223   0.01625         0
    69/249    0.906G   0.05359   0.02811         0    0.0817        24       640    0.4441         1    0.9951    0.8336   0.02725   0.01689         0
    70/249    0.906G   0.05073   0.02825         0   0.07898        24       640       0.5         1    0.9951    0.7033   0.02645   0.01722         0
    71/249    0.906G   0.06287    0.0353         0   0.09817        37       640    0.4437         1    0.9951    0.4976   0.03058   0.02022         0
    72/249    0.906G   0.06162    0.0318         0   0.09342        26       640    0.9963         1    0.9952    0.3981   0.03236   0.01633         0
    73/249    0.906G   0.06114   0.03133         0   0.09247        32       640    0.2855         1    0.9118    0.4032   0.03242   0.02515         0
    74/249    0.906G    0.0554   0.03861         0   0.09402        34       640    0.4994         1    0.9952    0.4048    0.0287    0.0171         0
    75/249    0.906G   0.05422   0.04082         0   0.09505        34       640    0.9961         1    0.9951    0.5149   0.02421   0.04368         0
    76/249    0.906G   0.04953   0.04239         0   0.09192        18       640    0.2855         1    0.9951    0.3672   0.02852   0.02242         0
    77/249    0.906G   0.05362   0.03843         0   0.09205        16       640    0.2666         1    0.9451    0.3893   0.02527   0.02278         0
    78/249    0.906G   0.05339   0.02795         0   0.08134        28       640    0.2667         1    0.4976    0.1278   0.04681   0.02214         0
    79/249    0.906G   0.06275   0.03656         0   0.09931        41       640    0.2667         1    0.4976    0.1278   0.04681   0.02214         0
    80/249    0.906G   0.06851   0.03581         0    0.1043        40       640    0.3329         1    0.4976   0.04976   0.05376    0.0224         0
    81/249    0.906G   0.07232   0.03416         0    0.1065        40       640    0.3329         1    0.4976   0.04976   0.05565   0.02271         0
    82/249    0.906G    0.0696   0.03744         0     0.107        23       640    0.3329         1    0.4423   0.04423   0.05433   0.02331         0
    83/249    0.906G   0.06732   0.03745         0    0.1048        46       640    0.3329         1    0.3619    0.1671   0.04918   0.02385         0
    84/249    0.906G   0.06156    0.0378         0   0.09936        30       640    0.3632         1    0.3799    0.2374   0.04162   0.02423         0
    85/249    0.906G   0.06086    0.0318         0   0.09266        22       640    0.3633         1    0.9951    0.7383   0.03451   0.02332         0
    86/249    0.906G    0.0544   0.03221         0   0.08661        36       640    0.3633         1    0.9951    0.8585   0.03049   0.02221         0
    87/249    0.906G   0.05076   0.03032         0   0.08108        40       640     0.499         1    0.9951    0.8027   0.03013   0.02134         0
    88/249    0.906G   0.04773   0.02807         0    0.0758        16       640    0.2665         1    0.9951    0.8587   0.02924    0.0203         0
    89/249    0.906G   0.05281   0.03097         0   0.08378        20       640    0.3631         1    0.9952     0.809   0.03286   0.01903         0
    90/249    0.906G   0.05611   0.03012         0   0.08623        28       640    0.3632         1    0.9952    0.5158   0.03607   0.01798         0
    91/249    0.906G   0.05347   0.02495         0   0.07842        25       640    0.3635         1    0.9953    0.8033   0.03566   0.01833         0
    92/249    0.906G   0.05046   0.02965         0   0.08011        28       640    0.4997         1    0.9952    0.7309   0.02852   0.01761         0
    93/249    0.906G   0.05174   0.02962         0   0.08136        24       640    0.3331         1    0.9953    0.3242   0.04062    0.0209         0
    94/249    0.906G   0.05863   0.03087         0    0.0895        25       640    0.4995         1    0.9952    0.7665   0.03027   0.01959         0
    95/249    0.906G   0.05358   0.02384         0   0.07742        24       640    0.4995         1    0.9952    0.7665   0.03027   0.01959         0
    96/249    0.906G   0.06275    0.0357         0   0.09845        24       640    0.2499         1    0.9952    0.7962   0.03574   0.02176         0
    97/249    0.906G   0.06473    0.0347         0   0.09943        34       640    0.2499         1    0.9952    0.7471   0.03729   0.02315         0
    98/249    0.906G   0.06003   0.03518         0   0.09521        18       640    0.2221         1    0.9952    0.7471   0.03623   0.02369         0
    99/249    0.906G   0.05527   0.03324         0   0.08851        46       640    0.2498         1    0.9952    0.7962   0.03151   0.02279         0
   100/249    0.906G   0.05041   0.02934         0   0.07974        35       640    0.2664         1    0.9953    0.8717   0.02624   0.02176         0
   101/249    0.906G    0.0447   0.02989         0   0.07458        34       640    0.3995         1    0.9953    0.6689    0.0223   0.02095         0
   102/249    0.906G   0.04178   0.02749         0   0.06927        32       640    0.3074         1    0.9953    0.5972   0.02154   0.02183         0
   103/249    0.906G   0.04558   0.02637         0   0.07195        37       640    0.3632         1    0.9954    0.7064   0.02083   0.02051         0
   104/249    0.906G    0.0436   0.02893         0   0.07253        41       640     0.499         1    0.9953    0.7061   0.02336   0.01915         0
   105/249    0.906G   0.04661   0.02658         0    0.0732        28       640    0.3999         1    0.9953    0.4238    0.0275   0.01803         0
   106/249    0.906G   0.04825   0.02577         0   0.07402        19       640    0.6655         1    0.9954    0.8958    0.0181   0.01736         0
   107/249    0.906G   0.04252    0.0275         0   0.07001        20       640    0.4993         1    0.9953    0.6106   0.02309   0.01661         0
   108/249    0.906G   0.04495   0.02708         0   0.07203        26       640    0.6663         1    0.9953    0.4976   0.02314   0.01942         0
   109/249    0.906G   0.04507   0.02869         0   0.07376        49       640    0.9961         1    0.9954    0.8597   0.01711   0.01729         0
   110/249    0.906G   0.04886   0.03362         0   0.08249        38       640    0.9961         1    0.9953    0.7251   0.02277   0.01717         0
   111/249    0.906G    0.0471   0.02966         0   0.07676        30       640    0.9961         1    0.9953    0.7251   0.02277   0.01717         0
   112/249    0.906G   0.04839   0.03108         0   0.07946        12       640    0.9961         1    0.9954    0.7226   0.02981   0.01905         0
   113/249    0.906G   0.05546   0.03534         0    0.0908        23       640    0.4991         1    0.9953    0.7225    0.0302   0.01979         0
   114/249    0.906G   0.05069   0.03288         0   0.08357        27       640    0.4991         1    0.9954    0.8723   0.02566   0.01966         0
   115/249    0.906G   0.04652   0.02988         0   0.07641        39       640    0.4991         1    0.9953    0.8958   0.02027   0.02002         0
   116/249    0.906G   0.03784   0.02864         0   0.06649        32       640    0.4993         1    0.9954    0.7541   0.01657   0.02083         0
   117/249    0.906G   0.03868   0.02736         0   0.06604        22       640    0.6655         1    0.9954    0.6968   0.01517   0.02135         0
   118/249    0.906G   0.03445   0.02501         0   0.05946        22       640    0.9959         1    0.9953    0.8958   0.01206   0.02079         0
   119/249    0.906G   0.03368   0.02777         0   0.06145        42       640    0.6651         1    0.9953    0.9469  0.009397   0.01842         0
   120/249    0.906G   0.02873   0.02684         0   0.05557        33       640    0.6648         1    0.9953    0.8958   0.01243   0.01504         0
   121/249    0.906G   0.02891   0.02285         0   0.05176        32       640    0.9962         1    0.9953    0.8958   0.01625   0.01455         0
   122/249    0.906G   0.03328    0.0249         0   0.05819        20       640    0.9962         1    0.9953    0.8224   0.01284   0.01386         0
   123/249    0.906G   0.03469   0.02384         0   0.05853        15       640    0.9962         1    0.9953    0.7612   0.01746   0.01444         0
   124/249    0.906G   0.03881   0.02611         0   0.06493        28       640    0.9962         1    0.9953    0.6967   0.01908   0.01435         0
   125/249    0.906G   0.04189   0.03015         0   0.07204        28       640    0.9962         1    0.9953    0.7963   0.01666   0.01304         0
   126/249    0.906G   0.03635   0.02299         0   0.05934        30       640    0.9963         1    0.9954    0.6112   0.01827   0.01777         0
   127/249    0.906G   0.03711   0.02549         0    0.0626        38       640    0.9963         1    0.9954    0.6112   0.01827   0.01777         0
   128/249    0.906G   0.04065    0.0351         0   0.07575        32       640    0.4991         1    0.9955    0.4122   0.02726   0.02237         0
   129/249    0.906G   0.04207   0.02742         0   0.06949        15       640    0.2498         1    0.9954    0.3982   0.02919   0.02308         0
   130/249    0.906G   0.04266   0.02871         0   0.07137        37       640    0.3329         1    0.9954    0.3982   0.02639    0.0218         0
   131/249    0.906G   0.03655   0.02529         0   0.06184        29       640    0.3636         1    0.9953    0.5271   0.02526   0.01938         0
   132/249    0.906G   0.03298   0.02414         0   0.05712        43       640    0.4992         1    0.9953    0.9386   0.02056   0.01722         0
   133/249    0.906G   0.02888   0.02489         0   0.05378        29       640    0.4992         1    0.9953    0.9588   0.01414   0.01509         0
   134/249    0.906G   0.02704   0.02607         0   0.05312        47       640    0.5704         1    0.9952     0.905   0.01277   0.01433         0
   135/249    0.906G   0.02721   0.02389         0    0.0511        34       640    0.9963         1    0.9952    0.7962   0.01221   0.01518         0
   136/249    0.906G   0.02916   0.02301         0   0.05218        25       640    0.9963         1    0.9952    0.8957   0.01189   0.01405         0
   137/249    0.906G   0.02949   0.02622         0   0.05571        26       640    0.9963         1    0.9952    0.7962   0.01322   0.01323         0
   138/249    0.906G   0.03313   0.02495         0   0.05808        22       640    0.9963         1    0.9953    0.8957   0.01325   0.01245         0
   139/249    0.906G   0.02692   0.02513         0   0.05205        44       640    0.9963         1    0.9953    0.7962   0.01037   0.01263         0
   140/249    0.906G   0.02847   0.02231         0   0.05078        23       640    0.9963         1    0.9953    0.7536   0.02076   0.01493         0
   141/249    0.906G   0.03037   0.02352         0   0.05388        16       640    0.9963         1    0.9953    0.6967    0.0121   0.01314         0
   142/249    0.906G   0.02852   0.02297         0   0.05149        40       640    0.9963         1    0.9953    0.8958   0.01505   0.01396         0
   143/249    0.906G   0.02514   0.02518         0   0.05033        32       640    0.9963         1    0.9953    0.8958   0.01505   0.01396         0
   144/249    0.906G   0.03156   0.02395         0   0.05551        26       640    0.9963         1    0.9953    0.6728   0.02085   0.01755         0
   145/249    0.906G   0.03317   0.03136         0   0.06453        36       640    0.7976         1    0.9953    0.6063    0.0217   0.01928         0
   146/249    0.906G   0.03272   0.02621         0   0.05893        34       640     0.665         1    0.9953    0.6729   0.01954   0.01834         0
   147/249    0.906G   0.02776   0.02528         0   0.05304        30       640    0.5702         1    0.9953    0.7109   0.01564   0.01451         0
   148/249    0.906G   0.02458   0.02284         0   0.04742        39       640    0.9963         1    0.9952    0.8654   0.01198   0.01221         0
   149/249    0.906G   0.02246   0.02242         0   0.04488        30       640    0.9963         1    0.9952    0.9952  0.008962   0.01163         0
   150/249    0.906G   0.01913   0.02198         0    0.0411        24       640    0.9963         1    0.9952    0.9097  0.009166    0.0113         0
   151/249    0.906G   0.01935   0.02231         0   0.04165        32       640    0.9963         1    0.9952    0.8957  0.008425   0.01064         0
   152/249    0.906G   0.01866   0.01769         0   0.03635        16       640    0.9963         1    0.9952     0.921  0.009129   0.01053         0
   153/249    0.906G   0.01991   0.01965         0   0.03957        18       640    0.9963         1    0.9952    0.7962  0.008967   0.01098         0
   154/249    0.906G   0.02299   0.02055         0   0.04354        25       640    0.9963         1    0.9952    0.8957   0.01169   0.01198         0
   155/249    0.906G   0.02578   0.02485         0   0.05063        48       640    0.9963         1    0.9952    0.8957   0.01113   0.01107         0
   156/249    0.906G   0.02594   0.02555         0    0.0515        32       640    0.9963         1    0.9952    0.8715   0.01148   0.01239         0
   157/249    0.906G   0.03041   0.02198         0   0.05238        18       640    0.9963         1    0.9953    0.8957   0.01522   0.01218         0
   158/249    0.906G    0.0213   0.02545         0   0.04675        49       640    0.9963         1    0.9953     0.823  0.008575    0.0103         0
   159/249    0.906G   0.02558   0.02346         0   0.04904        26       640    0.9963         1    0.9953     0.823  0.008575    0.0103         0
   160/249    0.906G   0.02994    0.0257         0   0.05563        44       640    0.9963         1    0.9953    0.7313   0.01412   0.01197         0
   161/249    0.906G   0.02972   0.02209         0   0.05181        22       640    0.9963         1    0.9953    0.6967   0.01625   0.01251         0
   162/249    0.906G   0.02771   0.02063         0   0.04834        34       640    0.9963         1    0.9953    0.7963   0.01546   0.01207         0
   163/249    0.906G   0.02574   0.02397         0   0.04971        16       640    0.9963         1    0.9953    0.8719   0.01115   0.01049         0
   164/249    0.906G   0.02417   0.02093         0    0.0451        31       640    0.9963         1    0.9953    0.9415  0.006932  0.009193         0
   165/249    0.906G   0.01972   0.02035         0   0.04007        30       640    0.9963         1    0.9953    0.8958  0.006105   0.00948         0
   166/249    0.906G    0.0185   0.02102         0   0.03952        36       640    0.9963         1    0.9953    0.8958  0.007674  0.009663         0
   167/249    0.906G   0.01598   0.01598         0   0.03196        23       640    0.9963         1    0.9953    0.9387  0.007057  0.009207         0
   168/249    0.906G   0.01624   0.01893         0   0.03517        22       640    0.9963         1    0.9954    0.9217  0.007287  0.009676         0
   169/249    0.906G   0.01984   0.01877         0   0.03861        27       640    0.9963         1    0.9954    0.8958  0.006854   0.01053         0
   170/249    0.906G   0.02085    0.0168         0   0.03765        34       640    0.9963         1    0.9953    0.8957    0.0115   0.01128         0
   171/249    0.906G   0.01937   0.01915         0   0.03852        34       640    0.9963         1    0.9953    0.8957  0.008717    0.0103         0
   172/249    0.906G    0.0236   0.02349         0   0.04709        49       640    0.9963         1    0.9953    0.8958   0.01016   0.01443         0
   173/249    0.906G   0.02585   0.02387         0   0.04972        23       640    0.9963         1    0.9953    0.6967   0.01398   0.01202         0
   174/249    0.906G   0.02537   0.02595         0   0.05132        34       640    0.9963         1    0.9953    0.8958  0.007744   0.01005         0
   175/249    0.906G   0.02307   0.02178         0   0.04484        24       640    0.9963         1    0.9953    0.8958  0.007744   0.01005         0
   176/249    0.906G    0.0286   0.02857         0   0.05718        21       640    0.9963         1    0.9953    0.7963   0.01314   0.01583         0
   177/249    0.906G    0.0274   0.03075         0   0.05815        34       640    0.9963         1    0.9953    0.7962    0.0156   0.01816         0
   178/249    0.906G   0.02478   0.02746         0   0.05224        36       640    0.9963         1    0.9953    0.7963   0.01493   0.01624         0
   179/249    0.906G   0.02266   0.02305         0   0.04571        35       640    0.9963         1    0.9953    0.8719   0.01164   0.01257         0
   180/249    0.906G    0.0193   0.02045         0   0.03975        24       640    0.9963         1    0.9953    0.9591  0.008392   0.01086         0
   181/249    0.906G   0.01742   0.01846         0   0.03588        20       640    0.9963         1    0.9953    0.9413  0.008242   0.01192         0
   182/249    0.906G   0.01561   0.02004         0   0.03565        26       640    0.9963         1    0.9953    0.9953  0.007104   0.01039         0
   183/249    0.906G   0.01527   0.01803         0    0.0333        28       640    0.9963         1    0.9953    0.9953  0.006222  0.009053         0
   184/249    0.906G   0.01388   0.01722         0    0.0311        34       640    0.9963         1    0.9953    0.9418  0.006027  0.008254         0
   185/249    0.906G   0.01319   0.01706         0   0.03025        21       640    0.9963         1    0.9953    0.9716  0.006252  0.008758         0
   186/249    0.906G   0.01303   0.01632         0   0.02935        25       640    0.9963         1    0.9953    0.8958   0.00725  0.009226         0
   187/249    0.906G   0.01544   0.01781         0   0.03325        38       640    0.9963         1    0.9953    0.8958  0.006501  0.009533         0
   188/249    0.906G   0.01728    0.0208         0   0.03807        50       640    0.9963         1    0.9954    0.8958  0.009053   0.01023         0
   189/249    0.906G   0.01918   0.01975         0   0.03893        35       640    0.9963         1    0.9954    0.8958   0.01067   0.01094         0
   190/249    0.906G   0.02323   0.02176         0     0.045        37       640    0.9963         1    0.9954    0.8959  0.006968   0.01011         0
   191/249    0.906G    0.0178   0.01872         0   0.03653        37       640    0.9963         1    0.9954    0.8959  0.006968   0.01011         0
   192/249    0.906G    0.0205   0.01973         0   0.04023        24       640    0.9963         1    0.9954    0.7963   0.01142   0.01249         0
   193/249    0.906G   0.02212    0.0187         0   0.04083        34       640    0.9963         1    0.9954    0.6968   0.01325   0.01355         0
   194/249    0.906G   0.02154   0.01897         0   0.04051        27       640    0.9963         1    0.9954    0.6968   0.01317   0.01365         0
   195/249    0.906G   0.01891   0.01681         0   0.03572        27       640    0.9963         1    0.9955    0.7964   0.01077   0.01281         0
   196/249    0.906G   0.01727   0.02101         0   0.03827        27       640    0.9963         1    0.9955    0.8959  0.007366   0.01058         0
   197/249    0.906G   0.01556   0.01903         0   0.03459        40       640    0.9963         1    0.9955    0.9356  0.006411   0.01006         0
   198/249    0.906G   0.01399   0.01813         0   0.03212        28       640    0.9963         1    0.9955    0.8959  0.006447  0.009718         0
   199/249    0.906G   0.01352   0.01427         0   0.02778        25       640    0.9963         1    0.9955    0.9042  0.005418   0.00872         0
   200/249    0.906G   0.01253   0.01533         0   0.02786        35       640    0.9963         1    0.9956     0.954  0.004805  0.007864         0
   201/249    0.906G   0.01239   0.01634         0   0.02873        43       640    0.9963         1    0.9956    0.9543  0.004612  0.007607         0
   202/249    0.906G   0.01167   0.01634         0   0.02801        44       640    0.9963         1    0.9955    0.9955  0.004458  0.007444         0
   203/249    0.906G   0.01244   0.01729         0   0.02973        33       640    0.9963         1    0.9955    0.9539  0.006518  0.008496         0
   204/249    0.906G   0.01502   0.01592         0   0.03094        29       640    0.9963         1    0.9957    0.8961  0.009235  0.008585         0
   205/249    0.906G   0.01815   0.01961         0   0.03776        28       640    0.9963         1    0.9956     0.896  0.007551  0.008458         0
   206/249    0.906G   0.01812   0.01975         0   0.03787        38       640    0.9963         1    0.9957    0.8961  0.009069  0.008289         0
   207/249    0.906G    0.0175   0.02036         0   0.03786        42       640    0.9963         1    0.9957    0.8961  0.009069  0.008289         0
   208/249    0.906G    0.0215    0.0211         0    0.0426        26       640    0.9963         1    0.9958    0.7966   0.01378    0.0105         0
   209/249    0.906G    0.0223   0.02119         0   0.04348        22       640    0.9963         1    0.9958    0.7966   0.01516   0.01117         0
   210/249    0.906G   0.02064   0.02104         0   0.04168        35       640    0.9963         1    0.9958    0.7966   0.01387   0.01056         0
   211/249    0.906G   0.01756   0.01885         0   0.03641        26       640    0.9963         1     0.996    0.8964  0.008835  0.008506         0
   212/249    0.906G   0.01435   0.01618         0   0.03053        30       640    0.9963         1    0.9959    0.8963  0.006694  0.007786         0
   213/249    0.906G   0.01356     0.016         0   0.02957        34       640    0.9963         1    0.9958    0.8962  0.007649   0.00825         0
   214/249    0.906G   0.01323   0.01604         0   0.02927        20       640    0.9963         1    0.9959    0.8963  0.007091  0.008065         0
   215/249    0.906G   0.01243   0.01711         0   0.02954        28       640    0.9963         1    0.9959    0.8963  0.005715   0.00765         0
   216/249    0.906G   0.01154   0.01632         0   0.02786        42       640    0.9963         1     0.996    0.9262  0.004944  0.007431         0
   217/249    0.906G   0.01031   0.01503         0   0.02534        24       640    0.9963         1     0.996     0.996  0.004512  0.007979         0
   218/249    0.906G   0.01131   0.01639         0   0.02771        31       640    0.9963         1     0.996     0.996  0.004002   0.00706         0
   219/249    0.906G   0.01159   0.01167         0   0.02326        21       640    0.9963         1    0.9959    0.9254   0.00631  0.008483         0
   220/249    0.906G   0.01316    0.0151         0   0.02826        21       640    0.9963         1    0.9958    0.9958  0.006869  0.008136         0
   221/249    0.906G   0.01534   0.01762         0   0.03295        39       640    0.9963         1     0.996    0.8566  0.007979   0.00885         0
   222/249    0.906G   0.01547   0.01531         0   0.03077        38       640    0.9963         1     0.996    0.9385  0.005833  0.008243         0
   223/249    0.906G   0.01337   0.01615         0   0.02952        38       640    0.9963         1     0.996    0.9385  0.005833  0.008243         0
   224/249    0.906G   0.01546   0.01706         0   0.03252        31       640    0.9963         1     0.996    0.7968   0.01105    0.0111         0
   225/249    0.906G   0.01701   0.01766         0   0.03467        34       640    0.9963         1    0.9961    0.7969   0.01297   0.01215         0
   226/249    0.906G   0.01652   0.01803         0   0.03455        15       640    0.9963         1    0.9961    0.7968   0.01316   0.01235         0
   227/249    0.906G   0.01512   0.01893         0   0.03405        32       640    0.9963         1    0.9961    0.8392   0.01043   0.01077         0
   228/249    0.906G   0.01234   0.01596         0    0.0283        34       640    0.9963         1    0.9961    0.9249  0.005725  0.008026         0
   229/249    0.906G   0.01252   0.01491         0   0.02743        20       640    0.9963         1     0.996     0.996  0.005048  0.007035         0
   230/249    0.906G    0.0123   0.01572         0   0.02802        30       640    0.9963         1     0.996     0.996  0.005191  0.006846         0
   231/249    0.906G   0.01129   0.01751         0    0.0288        32       640    0.9963         1    0.9962    0.9962  0.004259  0.006419         0
   232/249    0.906G   0.01236   0.01476         0   0.02712        28       640    0.9963         1    0.9961    0.9961  0.005557  0.006932         0
   233/249    0.906G   0.01032   0.01294         0   0.02327        29       640    0.9963         1    0.9962    0.9962  0.004405  0.006576         0
   234/249    0.906G  0.009754   0.01543         0   0.02519        40       640    0.9963         1    0.9962    0.9962   0.00369  0.005884         0
   235/249    0.906G   0.01065   0.01324         0   0.02389        25       640    0.9963         1    0.9961    0.9961  0.004616  0.007271         0
   236/249    0.906G   0.01229   0.01433         0   0.02662        24       640    0.9963         1     0.996    0.9122  0.007502  0.008104         0
   237/249    0.906G   0.01622   0.01545         0   0.03166        34       640    0.9963         1    0.9958    0.9614  0.005443  0.007649         0
   238/249    0.906G   0.01495   0.01702         0   0.03198        32       640    0.9963         1    0.9959    0.8963   0.00816  0.008302         0
   239/249    0.906G   0.01708    0.0168         0   0.03388        35       640    0.9963         1    0.9959    0.8963   0.00816  0.008302         0
   240/249    0.906G    0.0244   0.02054         0   0.04493        24       640    0.9963         1    0.9959    0.8425   0.01225   0.01026         0
   241/249    0.906G   0.02495   0.02024         0    0.0452        20       640    0.9963         1    0.9959    0.7967   0.01296   0.01045         0
   242/249    0.906G   0.02577   0.02052         0   0.04628        15       640    0.9963         1     0.996    0.8427    0.0119  0.009814         0
   243/249    0.906G   0.02354   0.01783         0   0.04137        56       640    0.9963         1    0.9958    0.8962  0.007948  0.007749         0
   244/249    0.906G    0.0213   0.01912         0   0.04042        20       640    0.9963         1    0.9958    0.9614  0.005678  0.006897         0
   245/249    0.906G   0.01807   0.01663         0    0.0347        35       640    0.9963         1    0.9961    0.8964  0.005691  0.007135         0
   246/249    0.906G   0.01398   0.01339         0   0.02737        18       640    0.9963         1    0.9959    0.8963  0.005134  0.007133         0
   247/249    0.906G   0.01188   0.01528         0   0.02716        34       640    0.9963         1    0.9959    0.9959  0.004094  0.006674         0
   248/249    0.906G   0.01078   0.01274         0   0.02352        25       640    0.9963         1     0.996     0.996  0.004412  0.007136         0
   249/249    0.906G   0.01041   0.01451         0   0.02492        21       640    0.9963         1    0.9959     0.968  0.004695  0.006547         0
