     0/299    0.828G   0.08188   0.04105         0    0.1229         7       640   0.04022   0.04762   0.02786  0.003427   0.04226   0.02862         0
     1/299    0.954G   0.07191   0.03963         0    0.1115         5       640   0.04961   0.04762   0.03118  0.003751    0.0417   0.02817         0
     2/299    0.954G   0.07032   0.03729         0    0.1076         4       640   0.05478   0.04762   0.03241  0.003944   0.04085    0.0278         0
     3/299    0.954G    0.0718    0.0398         0    0.1116         6       640         0         0   0.01502  0.002491   0.03987   0.02741         0
     4/299    0.954G   0.07163   0.03276         0    0.1044         2       640         0         0    0.0148  0.002821   0.03854   0.02713         0
     5/299    0.954G   0.06695   0.03511         0    0.1021         3       640         0         0   0.01355  0.003136   0.03671    0.0269         0
     6/299    0.954G   0.06748   0.03485         0    0.1023         2       640         0         0   0.01587  0.002628   0.03484   0.02666         0
     7/299    0.954G   0.08034   0.04071         0    0.1211         6       640         0         0   0.01762  0.003451   0.03369   0.02655         0
     8/299    0.954G   0.08752   0.03978         0    0.1273         7       640         0         0   0.02205  0.004096    0.0322    0.0264         0
     9/299    0.954G   0.05654   0.03883         0   0.09537         4       640         0         0   0.02197   0.00448   0.03107   0.02623         0
    10/299    0.954G   0.07764   0.03963         0    0.1173         3       640         0         0    0.0284  0.005822    0.0295   0.02612         0
    11/299    0.954G   0.05344   0.03369         0   0.08712         2       640         0         0   0.03868  0.007874   0.02817   0.02597         0
    12/299    0.954G   0.05565   0.03692         0   0.09257         4       640         0         0   0.04575  0.008645   0.02662   0.02576         0
    13/299    0.954G    0.0574   0.03885         0   0.09625         5       640         0         0   0.05108   0.01194   0.02523   0.02566         0
    14/299    0.954G    0.0522   0.03674         0   0.08894         2       640         0         0     0.063   0.01839   0.02392   0.02539         0
    15/299    0.954G   0.05495   0.03392         0   0.08887         2       640         0         0   0.07237   0.02195   0.02331   0.02514         0
    16/299    0.954G   0.05787   0.03262         0   0.09049         3       640         0         0   0.08569   0.03055   0.02205   0.02489         0
    17/299    0.954G   0.05982   0.02899         0    0.0888         2       640         0         0    0.1189   0.03303   0.02119   0.02464         0
    18/299    0.954G   0.05487    0.0369         0   0.09177         4       640         0         0    0.1492   0.04336   0.02054   0.02428         0
    19/299    0.954G   0.05451   0.03688         0   0.09139         3       640         0         0    0.1927   0.06131   0.01987   0.02399         0
    20/299    0.954G   0.04605   0.03583         0   0.08189         4       640         0         0    0.2029   0.06116   0.01983   0.02367         0
    21/299    0.954G   0.04584   0.02746         0    0.0733         2       640         0         0    0.2307   0.07435   0.01947   0.02337         0
    22/299    0.954G   0.04751   0.04221         0   0.08972         7       640         0         0    0.2833    0.0876   0.01915   0.02303         0
    23/299    0.954G   0.04221    0.0337         0   0.07591         3       640         0         0    0.2939    0.1111    0.0187   0.02286         0
    24/299    0.956G   0.06666   0.04296         0    0.1096         7       640         0         0    0.3194    0.1326   0.01818   0.02246         0
    25/299    0.956G   0.05548   0.03459         0   0.09007         4       640         0         0    0.3397    0.1132   0.01787   0.02208         0
    26/299    0.956G   0.03888   0.02682         0    0.0657         1       640         1   0.04762     0.394    0.1509   0.01806   0.02176         0
    27/299    0.956G   0.04537   0.03946         0   0.08483         7       640    0.9814    0.1905    0.5046    0.2072   0.01813   0.02127         0
    28/299    0.956G   0.04503   0.03333         0   0.07837         3       640         1    0.2083    0.6202    0.2469   0.01801   0.02078         0
    29/299    0.956G    0.0551   0.03517         0   0.09027         4       640         1    0.2259    0.6401    0.2494   0.01731   0.02065         0
    30/299    0.956G   0.05836   0.03465         0   0.09301         4       640         1    0.3563    0.6708    0.2477   0.01678   0.02023         0
    31/299    0.956G   0.05148   0.04023         0   0.09171         7       640    0.7499     0.381    0.6981    0.2725   0.01656   0.01981         0
    32/299    0.956G    0.0472   0.02493         0   0.07214         2       640    0.7534     0.437    0.7253    0.2908   0.01657   0.01957         0
    33/299    0.956G   0.05645   0.03073         0   0.08718         3       640    0.7908    0.5407    0.7451    0.3015   0.01626   0.01916         0
    34/299    0.956G   0.04891   0.03572         0   0.08463         6       640    0.7475     0.619    0.7587    0.3235    0.0158   0.01894         0
    35/299    0.956G   0.03594   0.02898         0   0.06491         2       640    0.6571    0.6667    0.7648    0.3049   0.01552   0.01875         0
    36/299    0.956G   0.05108   0.03032         0    0.0814         5       640    0.5083    0.7388    0.7447    0.2861   0.01506   0.01832         0
    37/299    0.956G   0.03294    0.0315         0   0.06444         2       640    0.5282    0.9048    0.7595    0.2994   0.01451   0.01808         0
    38/299    0.956G   0.04299    0.0277         0   0.07069         1       640    0.4735    0.8995    0.7526     0.353    0.0142   0.01789         0
    39/299    0.956G   0.04341   0.02808         0   0.07148         3       640     0.454    0.9524    0.8324     0.383   0.01417   0.01765         0
    40/299    0.956G   0.04822   0.03218         0    0.0804         5       640    0.3702         1    0.7833    0.3705   0.01415   0.01714         0
    41/299    0.956G   0.04103   0.03106         0   0.07209         4       640    0.3737         1    0.8274    0.3981    0.0152   0.01683         0
    42/299    0.956G   0.05075   0.03427         0   0.08502         5       640    0.3677         1    0.7665    0.4493    0.0133   0.01673         0
    43/299    0.956G   0.04121    0.0271         0   0.06831         3       640    0.3399         1    0.7411    0.4046   0.01343   0.01655         0
    44/299    0.956G   0.03671    0.0285         0   0.06521         5       640    0.3292         1    0.8041    0.4484   0.01354   0.01618         0
    45/299    0.956G   0.03255    0.0301         0   0.06266         3       640    0.3469         1    0.8138    0.3641   0.01557   0.01588         0
    46/299    0.956G    0.0511    0.0298         0    0.0809         6       640    0.2994         1    0.8198    0.4099   0.01405   0.01571         0
    47/299    0.956G   0.03086   0.02441         0   0.05527         1       640    0.2618         1    0.7878    0.3582   0.01493   0.01554         0
    48/299    0.956G   0.03613   0.03462         0   0.07076         5       640     0.268         1    0.7004    0.3092   0.01537    0.0154         0
    49/299    0.956G   0.04722   0.02632         0   0.07354         3       640    0.2705         1    0.7738    0.3494   0.01488   0.01531         0
    50/299    0.956G   0.04731   0.03066         0   0.07798         4       640    0.3042         1    0.8446    0.3773   0.01493   0.01518         0
    51/299    0.956G   0.04369   0.02546         0   0.06915         2       640    0.3207         1     0.821    0.3945    0.0141   0.01506         0
    52/299    0.956G   0.03264   0.02643         0   0.05907         2       640    0.3027         1    0.7941    0.3996   0.01375   0.01502         0
    53/299    0.956G   0.03464    0.0281         0   0.06274         5       640    0.3129         1    0.7705    0.3652   0.01334   0.01492         0
    54/299    0.956G   0.03106    0.0226         0   0.05366         1       640    0.3145         1    0.7821    0.3787   0.01317   0.01482         0
    55/299    0.956G   0.04316   0.03186         0   0.07502         7       640    0.3141         1    0.8199    0.4424   0.01413   0.01468         0
    56/299    0.956G   0.03952   0.02948         0     0.069         6       640    0.3385         1    0.8647    0.4923   0.01443   0.01458         0
    57/299    0.956G   0.04834   0.02547         0   0.07381         3       640    0.3032         1    0.8309    0.4926   0.01409   0.01452         0
    58/299    0.956G   0.03455   0.03728         0   0.07183         8       640    0.3138         1    0.8025    0.4855   0.01447   0.01438         0
    59/299    0.956G   0.05081   0.02947         0   0.08028         3       640    0.2941         1    0.8079    0.4532   0.01419   0.01428         0
    60/299    0.956G   0.04178   0.02432         0   0.06609         5       640    0.3083         1    0.8194    0.4645   0.01348   0.01424         0
    61/299    0.956G   0.03918     0.029         0   0.06819         5       640    0.3015         1    0.8515    0.4247   0.01339   0.01411         0
    62/299    0.956G   0.03682   0.03219         0   0.06901         7       640    0.2752         1    0.8186     0.418   0.01713   0.01377         0
    63/299    0.956G   0.03395   0.02392         0   0.05786         4       640    0.1792    0.9524    0.5858    0.2091   0.01964   0.01342         0
    64/299    0.956G   0.04085   0.04005         0    0.0809         8       640    0.3589         1    0.9188    0.5112    0.0134   0.01351         0
    65/299    0.956G   0.03273   0.03007         0   0.06281         6       640    0.3589         1    0.9188    0.5112    0.0134   0.01351         0
    66/299    0.956G   0.04151   0.02645         0   0.06796         2       640    0.3543         1    0.8535    0.4468   0.01505   0.01331         0
    67/299    0.956G   0.04622   0.02088         0    0.0671         2       640    0.3393    0.9524    0.8382    0.4554    0.0139   0.01331         0
    68/299    0.956G   0.03566   0.03388         0   0.06953         8       640     0.292         1    0.6896    0.3687   0.01746   0.01295         0
    69/299    0.956G   0.03485   0.02083         0   0.05568         2       640    0.2627         1    0.7046    0.3909   0.01645   0.01271         0
    70/299    0.956G   0.03994    0.0233         0   0.06324         2       640     0.331         1    0.8291    0.4312   0.01645   0.01246         0
    71/299    0.956G    0.0322   0.02882         0   0.06102         6       640     0.331         1    0.8291    0.4312   0.01645   0.01246         0
    72/299    0.956G   0.03481   0.02381         0   0.05861         6       640     0.355         1    0.8515    0.4431   0.01666    0.0123         0
    73/299    0.956G   0.02933   0.02829         0   0.05761         6       640    0.3495         1    0.9072    0.5527   0.01284    0.0124         0
    74/299    0.956G   0.02678   0.01963         0    0.0464         2       640     0.399         1    0.9552    0.5772   0.01189   0.01232         0
    75/299    0.956G   0.02894   0.02071         0   0.04965         4       640    0.3305         1    0.8493    0.5338   0.01448   0.01202         0
    76/299    0.956G   0.04211   0.03092         0   0.07303         7       640    0.3305         1    0.8493    0.5338   0.01448   0.01202         0
    77/299    0.956G   0.03589   0.01956         0   0.05545         2       640    0.3488         1    0.8647    0.5402   0.01432   0.01191         0
    78/299    0.956G   0.05548   0.02688         0   0.08236         3       640    0.4336         1    0.9602    0.6017   0.01251   0.01195         0
    79/299    0.956G   0.02915   0.02164         0   0.05079         2       640    0.3935         1    0.9672    0.5673   0.01336   0.01168         0
    80/299    0.956G   0.03424    0.0219         0   0.05614         2       640    0.3935         1    0.9672    0.5673   0.01336   0.01168         0
    81/299    0.956G   0.03443   0.02577         0    0.0602         6       640    0.3473         1    0.7562     0.402   0.01803   0.01129         0
    82/299    0.956G   0.03985   0.02491         0   0.06475         2       640    0.3266         1    0.8951    0.5923   0.01429   0.01122         0
    83/299    0.956G    0.0296   0.02208         0   0.05168         3       640    0.3266         1    0.8951    0.5923   0.01429   0.01122         0
    84/299    0.956G   0.03295    0.0191         0   0.05205         2       640    0.3322         1    0.8979    0.5836   0.01499   0.01106         0
    85/299    0.956G   0.03615   0.02747         0   0.06362         6       640    0.3008         1    0.6822    0.3022   0.02061   0.01076         0
    86/299    0.956G   0.04252   0.02487         0    0.0674         6       640    0.3008         1    0.6822    0.3022   0.02061   0.01076         0
    87/299    0.956G   0.03259   0.02511         0    0.0577         2       640    0.3008         1    0.6822    0.3022   0.02061   0.01076         0
    88/299    0.956G   0.03386   0.01966         0   0.05352         1       640    0.2859         1    0.6556    0.2749   0.02114   0.01059         0
    89/299    0.956G   0.03289    0.0252         0   0.05809         4       640    0.4141         1    0.9426    0.5545   0.01416   0.01072         0
    90/299    0.956G   0.04064   0.02036         0   0.06099         3       640    0.4141         1    0.9426    0.5545   0.01416   0.01072         0
    91/299    0.956G   0.03312   0.02683         0   0.05996         4       640    0.3916         1    0.8701    0.5225   0.01356    0.0106         0
    92/299    0.956G    0.0314   0.02041         0    0.0518         2       640    0.3112         1    0.7044    0.3275    0.0189   0.01024         0
    93/299    0.956G    0.0342    0.0255         0    0.0597         6       640    0.3112         1    0.7044    0.3275    0.0189   0.01024         0
    94/299    0.956G   0.03648   0.02333         0   0.05981         3       640    0.4124         1    0.8154    0.5518   0.01559   0.01029         0
    95/299    0.956G   0.03098   0.02903         0   0.06002         5       640    0.4124         1    0.8154    0.5518   0.01559   0.01029         0
    96/299    0.956G   0.03156   0.02225         0   0.05382         3       640    0.4574         1       0.9     0.627   0.01413    0.0103         0
    97/299    0.956G   0.03133   0.01995         0   0.05128         4       640    0.2919         1    0.7479    0.4107   0.01733  0.009859         0
    98/299    0.956G   0.03438   0.02303         0   0.05741         3       640    0.2919         1    0.7479    0.4107   0.01733  0.009859         0
    99/299    0.956G   0.02989   0.02404         0   0.05393         5       640     0.358         1    0.9224    0.5281   0.01721  0.009679         0
   100/299    0.956G   0.03869   0.02315         0   0.06184         2       640    0.3987         1    0.7693    0.3874   0.01842  0.009396         0
   101/299    0.956G   0.03188   0.01896         0   0.05084         2       640    0.3987         1    0.7693    0.3874   0.01842  0.009396         0
   102/299    0.956G   0.04207   0.01945         0   0.06152         3       640    0.3643         1    0.8376    0.5874   0.01686  0.009401         0
   103/299    0.956G   0.03763   0.02527         0    0.0629         6       640    0.3643         1    0.8376    0.5874   0.01686  0.009401         0
   104/299    0.956G   0.03811    0.0231         0    0.0612         4       640    0.4372         1    0.9309     0.592   0.01464  0.009338         0
   105/299    0.956G   0.03759   0.03039         0   0.06798         6       640    0.4372         1    0.9309     0.592   0.01464  0.009338         0
   106/299    0.956G   0.03535   0.02147         0   0.05682         6       640    0.5548         1    0.9584    0.5925   0.01402  0.009275         0
   107/299    0.956G   0.02843   0.01936         0   0.04779         3       640    0.5548         1    0.9584    0.5925   0.01402  0.009275         0
   108/299    0.956G   0.03236   0.01976         0   0.05212         3       640    0.5026         1    0.9585    0.6179   0.01457  0.009214         0
   109/299    0.956G   0.03592   0.02184         0   0.05776         5       640    0.4814         1    0.9217    0.6023   0.01297  0.009121         0
   110/299    0.956G   0.02472   0.02236         0   0.04707         2       640    0.4814         1    0.9217    0.6023   0.01297  0.009121         0
   111/299    0.956G   0.04031   0.02586         0   0.06617         6       640     0.452         1    0.8887    0.4759   0.01816  0.008695         0
   112/299    0.956G   0.03063   0.01759         0   0.04821         2       640     0.452         1    0.8887    0.4759   0.01816  0.008695         0
   113/299    0.956G   0.03328    0.0275         0   0.06077         6       640     0.452         1    0.8887    0.4759   0.01816  0.008695         0
   114/299    0.956G   0.03112   0.02201         0   0.05313         5       640    0.4334         1    0.8237    0.3248   0.01928  0.008554         0
   115/299    0.956G   0.02769    0.0156         0   0.04329         1       640    0.4334         1    0.8237    0.3248   0.01928  0.008554         0
   116/299    0.956G   0.03234   0.02242         0   0.05476         6       640     0.391         1    0.7712    0.3806   0.01827  0.008534         0
   117/299    0.956G   0.03273   0.02112         0   0.05386         5       640     0.391         1    0.7712    0.3806   0.01827  0.008534         0
   118/299    0.956G   0.03359   0.02209         0   0.05568         2       640    0.4066         1    0.8071    0.4439   0.01689  0.008606         0
   119/299    0.956G   0.03125   0.02581         0   0.05706         6       640    0.4066         1    0.8071    0.4439   0.01689  0.008606         0
   120/299    0.956G   0.04317   0.02751         0   0.07069         7       640    0.4528         1    0.8666     0.512   0.01493  0.008667         0
   121/299    0.956G   0.03149   0.01899         0   0.05048         2       640    0.4528         1    0.8666     0.512   0.01493  0.008667         0
   122/299    0.956G   0.02971   0.02732         0   0.05703         5       640    0.4935         1    0.9147    0.5758   0.01305  0.008766         0
   123/299    0.956G   0.02848   0.01974         0   0.04822         1       640    0.4935         1    0.9147    0.5758   0.01305  0.008766         0
   124/299    0.956G   0.02793    0.0236         0   0.05153         4       640    0.5671         1    0.9144    0.5277    0.0127  0.008746         0
   125/299    0.956G   0.02903   0.01804         0   0.04707         3       640    0.5671         1    0.9144    0.5277    0.0127  0.008746         0
   126/299    0.956G   0.02719   0.02441         0    0.0516         3       640    0.5922         1    0.8972    0.5098   0.01419  0.008609         0
   127/299    0.956G   0.03515   0.02964         0   0.06479         8       640    0.5401         1     0.946    0.5372    0.0116  0.008678         0
   128/299    0.956G   0.02765   0.02449         0   0.05214         6       640    0.5401         1     0.946    0.5372    0.0116  0.008678         0
   129/299    0.956G   0.02813   0.02292         0   0.05106         4       640    0.3963         1    0.7713    0.3869    0.0176  0.008236         0
   130/299    0.956G   0.04105   0.01965         0    0.0607         4       640    0.3963         1    0.7713    0.3869    0.0176  0.008236         0
   131/299    0.956G   0.02983   0.01736         0   0.04718         3       640    0.3963         1    0.7713    0.3869    0.0176  0.008236         0
   132/299    0.956G   0.02631   0.02468         0   0.05099         6       640     0.423         1    0.8436    0.4504    0.0162  0.008208         0
   133/299    0.956G   0.02753   0.01855         0   0.04608         2       640     0.423         1    0.8436    0.4504    0.0162  0.008208         0
   134/299    0.956G    0.0364   0.01769         0    0.0541         3       640    0.4646         1    0.9012     0.528   0.01292  0.008358         0
   135/299    0.956G   0.02836   0.02559         0   0.05395         6       640    0.4646         1    0.9012     0.528   0.01292  0.008358         0
   136/299    0.956G   0.03185   0.02062         0   0.05247         5       640    0.4477         1     0.832    0.5788   0.01393    0.0083         0
   137/299    0.956G   0.02537   0.02036         0   0.04573         2       640    0.4477         1     0.832    0.5788   0.01393    0.0083         0
   138/299    0.956G   0.03236   0.01991         0   0.05227         5       640    0.5138         1    0.8954    0.4204    0.0149  0.008226         0
   139/299    0.956G   0.04047   0.02482         0   0.06529         5       640    0.5138         1    0.8954    0.4204    0.0149  0.008226         0
   140/299    0.956G   0.02416   0.01925         0   0.04341         2       640    0.5138         1    0.8954    0.4204    0.0149  0.008226         0
   141/299    0.956G   0.03007   0.01753         0   0.04759         2       640    0.3965         1    0.7427    0.4729   0.01933  0.008067         0
   142/299    0.956G   0.02927   0.01616         0   0.04542         2       640    0.3965         1    0.7427    0.4729   0.01933  0.008067         0
   143/299    0.956G   0.02903   0.01802         0   0.04706         2       640    0.3965         1    0.7427    0.4729   0.01933  0.008067         0
   144/299    0.956G   0.03708   0.01973         0   0.05681         4       640    0.3243         1    0.6485    0.3526   0.02258  0.007897         0
   145/299    0.956G   0.03766    0.0173         0   0.05496         3       640    0.3243         1    0.6485    0.3526   0.02258  0.007897         0
   146/299    0.956G   0.04092   0.01769         0   0.05861         2       640    0.3316         1    0.6694    0.3923   0.01825  0.007968         0
   147/299    0.956G   0.03215   0.02036         0   0.05251         6       640    0.3316         1    0.6694    0.3923   0.01825  0.007968         0
   148/299    0.956G   0.04394   0.02316         0    0.0671         4       640      0.37         1    0.8523    0.4759   0.01595  0.007997         0
   149/299    0.956G   0.03024   0.02549         0   0.05573         7       640      0.37         1    0.8523    0.4759   0.01595  0.007997         0
   150/299    0.956G   0.03652    0.0162         0   0.05272         1       640      0.37         1    0.8523    0.4759   0.01595  0.007997         0
   151/299    0.956G   0.03071   0.02043         0   0.05113         5       640    0.4076         1    0.7607    0.4707   0.01458  0.008041         0
   152/299    0.956G   0.03439     0.023         0   0.05739         5       640    0.4076         1    0.7607    0.4707   0.01458  0.008041         0
   153/299    0.956G   0.03039   0.01892         0   0.04932         5       640    0.4926         1    0.8251    0.5528   0.01436  0.008089         0
   154/299    0.956G   0.02717   0.02427         0   0.05145         5       640    0.4926         1    0.8251    0.5528   0.01436  0.008089         0
   155/299    0.956G   0.02565   0.02433         0   0.04998         7       640    0.4926         1    0.8251    0.5528   0.01436  0.008089         0
   156/299    0.956G   0.03066   0.01628         0   0.04694         2       640    0.5524         1    0.8596    0.5076   0.01422  0.008079         0
   157/299    0.956G   0.02611   0.01764         0   0.04375         4       640    0.5524         1    0.8596    0.5076   0.01422  0.008079         0
   158/299    0.956G   0.03494   0.02509         0   0.06003         7       640    0.7536         1    0.9711    0.5779   0.01408   0.00791         0
   159/299    0.956G    0.0265   0.02328         0   0.04978         2       640    0.7536         1    0.9711    0.5779   0.01408   0.00791         0
   160/299    0.956G   0.02581   0.01825         0   0.04406         4       640    0.7536         1    0.9711    0.5779   0.01408   0.00791         0
   161/299    0.956G   0.02496   0.02151         0   0.04647         6       640    0.7249         1    0.9651    0.6295   0.01339   0.00786         0
   162/299    0.956G    0.0232   0.02045         0   0.04366         4       640    0.7249         1    0.9651    0.6295   0.01339   0.00786         0
   163/299    0.956G   0.02052   0.01573         0   0.03626         3       640    0.6285         1    0.9317    0.6938   0.01144  0.007822         0
   164/299    0.956G   0.03381    0.0251         0   0.05891         5       640    0.6285         1    0.9317    0.6938   0.01144  0.007822         0
   165/299    0.956G   0.02504   0.03161         0   0.05665         8       640    0.6285         1    0.9317    0.6938   0.01144  0.007822         0
   166/299    0.956G   0.02994   0.01595         0   0.04588         2       640    0.5325         1    0.9559    0.7698   0.01355  0.007565         0
   167/299    0.956G   0.02789   0.02455         0   0.05244         6       640    0.5325         1    0.9559    0.7698   0.01355  0.007565         0
   168/299    0.956G   0.02417   0.01577         0   0.03994         3       640    0.4773         1    0.9332    0.7289   0.01374  0.007556         0
   169/299    0.956G   0.02813    0.0202         0   0.04832         5       640    0.4773         1    0.9332    0.7289   0.01374  0.007556         0
   170/299    0.956G   0.03496   0.02967         0   0.06463        10       640    0.3973         1    0.8673    0.4345    0.0177   0.00755         0
   171/299    0.956G   0.03785    0.0228         0   0.06064         5       640    0.3973         1    0.8673    0.4345    0.0177   0.00755         0
   172/299    0.956G   0.03637   0.02443         0    0.0608         6       640    0.3973         1    0.8673    0.4345    0.0177   0.00755         0
   173/299    0.956G    0.0336   0.02232         0   0.05591         5       640    0.5545         1    0.9579     0.655   0.01155  0.007585         0
   174/299    0.956G   0.03858   0.01726         0   0.05584         3       640    0.5545         1    0.9579     0.655   0.01155  0.007585         0
   175/299    0.956G   0.03716   0.02138         0   0.05855         6       640    0.5545         1    0.9579     0.655   0.01155  0.007585         0
   176/299    0.956G   0.03169   0.02117         0   0.05286         4       640    0.4759         1    0.9803    0.6893   0.01301  0.007509         0
   177/299    0.956G   0.02906   0.02395         0   0.05301         6       640    0.4759         1    0.9803    0.6893   0.01301  0.007509         0
   178/299    0.956G   0.02456   0.02355         0   0.04812         4       640    0.4759         1    0.9803    0.6893   0.01301  0.007509         0
   179/299    0.956G   0.01908   0.01475         0   0.03383         2       640    0.5894         1    0.9932    0.6749   0.01147  0.007503         0
   180/299    0.956G   0.03007   0.01974         0   0.04981         5       640    0.5894         1    0.9932    0.6749   0.01147  0.007503         0
   181/299    0.956G    0.0227   0.02095         0   0.04365         4       640    0.5894         1    0.9932    0.6749   0.01147  0.007503         0
   182/299    0.956G   0.02778   0.01997         0   0.04775         6       640    0.5894         1    0.9932    0.6749   0.01147  0.007503         0
   183/299    0.956G   0.02533   0.02085         0   0.04618         4       640    0.6159         1    0.9932     0.678    0.0108  0.007531         0
   184/299    0.956G   0.03538   0.02237         0   0.05775         3       640    0.6159         1    0.9932     0.678    0.0108  0.007531         0
   185/299    0.956G   0.02358   0.02422         0   0.04781         6       640    0.6159         1    0.9932     0.678    0.0108  0.007531         0
   186/299    0.956G   0.03149   0.02105         0   0.05255         4       640    0.5783         1     0.995    0.6562   0.01099  0.007532         0
   187/299    0.956G    0.0278   0.02324         0   0.05104         8       640    0.5783         1     0.995    0.6562   0.01099  0.007532         0
   188/299    0.956G   0.02237   0.01818         0   0.04055         4       640    0.5783         1     0.995    0.6562   0.01099  0.007532         0
   189/299    0.956G   0.03161   0.02062         0   0.05224         4       640    0.5803         1     0.995    0.6875   0.01016   0.00744         0
   190/299    0.956G    0.0253   0.01804         0   0.04335         3       640    0.5803         1     0.995    0.6875   0.01016   0.00744         0
   191/299    0.956G   0.02326   0.01173         0   0.03499         1       640    0.5803         1     0.995    0.6875   0.01016   0.00744         0
   192/299    0.956G   0.02632   0.01502         0   0.04134         1       640    0.6194         1     0.995    0.6801   0.01027  0.007417         0
   193/299    0.956G   0.02181   0.01297         0   0.03478         1       640    0.6194         1     0.995    0.6801   0.01027  0.007417         0
   194/299    0.956G   0.02377   0.01742         0   0.04119         4       640    0.6194         1     0.995    0.6801   0.01027  0.007417         0
   195/299    0.956G   0.03038   0.01649         0   0.04687         1       640    0.5519         1    0.9363    0.6044   0.01291  0.007338         0
   196/299    0.956G   0.02577   0.01745         0   0.04322         5       640    0.5519         1    0.9363    0.6044   0.01291  0.007338         0
   197/299    0.956G   0.02347   0.01797         0   0.04145         3       640    0.5519         1    0.9363    0.6044   0.01291  0.007338         0
   198/299    0.956G   0.02907   0.01535         0   0.04442         2       640    0.4721         1    0.9516    0.6639   0.01261  0.007202         0
   199/299    0.956G    0.0257   0.01815         0   0.04386         3       640    0.4721         1    0.9516    0.6639   0.01261  0.007202         0
   200/299    0.956G   0.02812   0.01492         0   0.04305         2       640    0.4721         1    0.9516    0.6639   0.01261  0.007202         0
   201/299    0.956G   0.02811   0.01942         0   0.04753         4       640    0.5365         1    0.9682    0.7404   0.01114  0.007141         0
   202/299    0.956G   0.02334   0.02134         0   0.04468         6       640    0.5365         1    0.9682    0.7404   0.01114  0.007141         0
   203/299    0.956G   0.02604   0.02113         0   0.04718         8       640    0.5365         1    0.9682    0.7404   0.01114  0.007141         0
   204/299    0.956G   0.02494   0.01546         0    0.0404         2       640     0.513         1    0.9408    0.6225   0.01324  0.006995         0
   205/299    0.956G    0.0309   0.01593         0   0.04683         1       640     0.513         1    0.9408    0.6225   0.01324  0.006995         0
   206/299    0.956G   0.02942   0.01645         0   0.04586         2       640     0.513         1    0.9408    0.6225   0.01324  0.006995         0
   207/299    0.956G   0.02597   0.02187         0   0.04784         4       640     0.513         1    0.9408    0.6225   0.01324  0.006995         0
   208/299    0.956G   0.02479   0.01836         0   0.04315         6       640    0.5067         1    0.9587    0.6485   0.01364  0.006892         0
   209/299    0.956G   0.02815   0.02094         0   0.04909         8       640    0.5067         1    0.9587    0.6485   0.01364  0.006892         0
   210/299    0.956G   0.02404   0.01719         0   0.04123         3       640    0.5067         1    0.9587    0.6485   0.01364  0.006892         0
   211/299    0.956G   0.02358    0.0193         0   0.04288         2       640    0.6207         1    0.9915    0.7753   0.01049  0.006772         0
   212/299    0.956G   0.02053   0.01947         0      0.04         5       640    0.6207         1    0.9915    0.7753   0.01049  0.006772         0
   213/299    0.956G   0.02624   0.02319         0   0.04943         6       640    0.6207         1    0.9915    0.7753   0.01049  0.006772         0
   214/299    0.956G   0.02819   0.01816         0   0.04635         5       640    0.6804         1    0.9915    0.7706   0.01078  0.006804         0
   215/299    0.956G   0.03218    0.0199         0   0.05208         4       640    0.6804         1    0.9915    0.7706   0.01078  0.006804         0
   216/299    0.956G   0.02453   0.02141         0   0.04594         4       640    0.6804         1    0.9915    0.7706   0.01078  0.006804         0
   217/299    0.956G   0.02282   0.01707         0   0.03989         3       640     0.576         1    0.9915      0.76   0.01039  0.006741         0
   218/299    0.956G   0.02117   0.01386         0   0.03503         2       640     0.576         1    0.9915      0.76   0.01039  0.006741         0
   219/299    0.956G   0.02961   0.02001         0   0.04962         5       640     0.576         1    0.9915      0.76   0.01039  0.006741         0
   220/299    0.956G   0.02771   0.02134         0   0.04905         5       640    0.5882         1    0.9839    0.6478   0.01155   0.00683         0
   221/299    0.956G   0.03085    0.0288         0   0.05964         8       640    0.5882         1    0.9839    0.6478   0.01155   0.00683         0
   222/299    0.956G   0.02667   0.01835         0   0.04502         6       640    0.5882         1    0.9839    0.6478   0.01155   0.00683         0
   223/299    0.956G   0.03257   0.02094         0   0.05351         5       640    0.5882         1    0.9839    0.6478   0.01155   0.00683         0
   224/299    0.956G   0.02635    0.0151         0   0.04146         1       640    0.4879         1    0.9513    0.6253   0.01171  0.006809         0
   225/299    0.956G   0.03039   0.02408         0   0.05447         6       640    0.4879         1    0.9513    0.6253   0.01171  0.006809         0
   226/299    0.956G   0.02676   0.01581         0   0.04257         2       640    0.4879         1    0.9513    0.6253   0.01171  0.006809         0
   227/299    0.956G   0.03172   0.02381         0   0.05553         6       640    0.5817         1    0.9669    0.8181   0.01005  0.006647         0
   228/299    0.956G   0.02848   0.01847         0   0.04695         5       640    0.5817         1    0.9669    0.8181   0.01005  0.006647         0
   229/299    0.956G   0.02344   0.01312         0   0.03656         2       640    0.5817         1    0.9669    0.8181   0.01005  0.006647         0
   230/299    0.956G   0.02723   0.01821         0   0.04544         3       640    0.5524         1    0.9886    0.7736   0.01047  0.006495         0
   231/299    0.956G    0.0221   0.02397         0   0.04607         7       640    0.5524         1    0.9886    0.7736   0.01047  0.006495         0
   232/299    0.956G   0.02103   0.01671         0   0.03774         2       640    0.5524         1    0.9886    0.7736   0.01047  0.006495         0
   233/299    0.956G   0.02473   0.01807         0    0.0428         5       640    0.7077         1    0.9932    0.7913   0.01148  0.006507         0
   234/299    0.956G   0.02794   0.01914         0   0.04708         4       640    0.7077         1    0.9932    0.7913   0.01148  0.006507         0
   235/299    0.956G   0.02301   0.02497         0   0.04798         7       640    0.7077         1    0.9932    0.7913   0.01148  0.006507         0
   236/299    0.956G   0.01838   0.01628         0   0.03466         2       640    0.7397         1    0.9932    0.7845   0.01043  0.006415         0
   237/299    0.956G   0.02118   0.01609         0   0.03727         2       640    0.7397         1    0.9932    0.7845   0.01043  0.006415         0
   238/299    0.956G   0.02691   0.01586         0   0.04277         3       640    0.7397         1    0.9932    0.7845   0.01043  0.006415         0
   239/299    0.956G   0.02596   0.01428         0   0.04024         1       640    0.7397         1    0.9932    0.7845   0.01043  0.006415         0
   240/299    0.956G   0.02658   0.02151         0   0.04808         4       640    0.7284         1    0.9915    0.7662   0.01108  0.006393         0
   241/299    0.956G   0.02081   0.01512         0   0.03593         4       640    0.7284         1    0.9915    0.7662   0.01108  0.006393         0
   242/299    0.956G   0.02196   0.01798         0   0.03994         4       640    0.7284         1    0.9915    0.7662   0.01108  0.006393         0
   243/299    0.956G   0.02011   0.01628         0   0.03639         4       640    0.6707         1    0.9876    0.8025    0.0116  0.006358         0
   244/299    0.956G   0.02104   0.01892         0   0.03996         2       640    0.6707         1    0.9876    0.8025    0.0116  0.006358         0
   245/299    0.956G   0.02341    0.0142         0   0.03761         3       640    0.6707         1    0.9876    0.8025    0.0116  0.006358         0
   246/299    0.956G   0.02504   0.01729         0   0.04232         5       640    0.7371         1    0.9915      0.82   0.01014   0.00634         0
   247/299    0.956G   0.01665   0.01379         0   0.03043         1       640    0.7371         1    0.9915      0.82   0.01014   0.00634         0
   248/299    0.956G   0.01886   0.01559         0   0.03445         5       640    0.7371         1    0.9915      0.82   0.01014   0.00634         0
   249/299    0.956G    0.0269   0.01733         0   0.04423         6       640    0.7084         1    0.9915    0.7868  0.009163  0.006398         0
   250/299    0.956G   0.02246   0.01808         0   0.04054         4       640    0.7084         1    0.9915    0.7868  0.009163  0.006398         0
   251/299    0.956G   0.02019   0.02022         0    0.0404         5       640    0.7084         1    0.9915    0.7868  0.009163  0.006398         0
   252/299    0.956G   0.02848   0.01461         0   0.04309         5       640    0.7469         1    0.9915    0.7889   0.01039  0.006231         0
   253/299    0.956G   0.02316   0.01912         0   0.04228         4       640    0.7469         1    0.9915    0.7889   0.01039  0.006231         0
   254/299    0.956G   0.02243   0.01826         0   0.04069         4       640    0.7469         1    0.9915    0.7889   0.01039  0.006231         0
   255/299    0.956G   0.02575   0.02091         0   0.04666         6       640    0.7469         1    0.9915    0.7889   0.01039  0.006231         0
   256/299    0.956G    0.0174   0.01569         0   0.03309         2       640    0.7189         1    0.9876    0.7909      0.01  0.006128         0
   257/299    0.956G   0.01633   0.01371         0   0.03004         1       640    0.7189         1    0.9876    0.7909      0.01  0.006128         0
   258/299    0.956G   0.03406   0.02047         0   0.05453         2       640    0.7189         1    0.9876    0.7909      0.01  0.006128         0
   259/299    0.956G   0.01958   0.01468         0   0.03426         3       640    0.7098         1    0.9862    0.8036    0.0091  0.006094         0
   260/299    0.956G   0.01709    0.0156         0   0.03269         1       640    0.7098         1    0.9862    0.8036    0.0091  0.006094         0
   261/299    0.956G   0.01978   0.01675         0   0.03652         2       640    0.7098         1    0.9862    0.8036    0.0091  0.006094         0
   262/299    0.956G   0.01866   0.01741         0   0.03607         3       640    0.7744         1    0.9915      0.82  0.009001   0.00608         0
   263/299    0.956G   0.01787   0.01456         0   0.03243         1       640    0.7744         1    0.9915      0.82  0.009001   0.00608         0
   264/299    0.956G   0.01981   0.01854         0   0.03835         6       640    0.7744         1    0.9915      0.82  0.009001   0.00608         0
   265/299    0.956G   0.02688   0.02088         0   0.04776         6       640    0.7292         1      0.99    0.8097  0.009529  0.006115         0
   266/299    0.956G   0.01712   0.01314         0   0.03026         2       640    0.7292         1      0.99    0.8097  0.009529  0.006115         0
   267/299    0.956G   0.02032   0.01854         0   0.03886         6       640    0.7292         1      0.99    0.8097  0.009529  0.006115         0
   268/299    0.956G   0.02144    0.0182         0   0.03964         6       640    0.7278         1    0.9825    0.8043   0.00951  0.006028         0
   269/299    0.956G   0.02236   0.01856         0   0.04092         2       640    0.7278         1    0.9825    0.8043   0.00951  0.006028         0
   270/299    0.956G   0.01925   0.01306         0   0.03231         2       640    0.7278         1    0.9825    0.8043   0.00951  0.006028         0
   271/299    0.956G   0.02178   0.01524         0   0.03701         2       640    0.7278         1    0.9825    0.8043   0.00951  0.006028         0
   272/299    0.956G   0.02166   0.01578         0   0.03744         1       640    0.6883         1    0.9825    0.8164  0.009795  0.005967         0
   273/299    0.956G   0.02813   0.01984         0   0.04798         4       640    0.6883         1    0.9825    0.8164  0.009795  0.005967         0
   274/299    0.956G    0.0276   0.01602         0   0.04362         3       640    0.6883         1    0.9825    0.8164  0.009795  0.005967         0
   275/299    0.956G   0.02923   0.02326         0   0.05249         7       640    0.7515         1    0.9868    0.7555  0.009884  0.006012         0
   276/299    0.956G   0.02191   0.01324         0   0.03516         1       640    0.7515         1    0.9868    0.7555  0.009884  0.006012         0
   277/299    0.956G   0.02051   0.01691         0   0.03742         5       640    0.7515         1    0.9868    0.7555  0.009884  0.006012         0
   278/299    0.956G   0.02866   0.02197         0   0.05063         5       640    0.6866         1      0.99    0.8052  0.009109  0.005947         0
   279/299    0.956G   0.01964   0.01546         0   0.03509         2       640    0.6866         1      0.99    0.8052  0.009109  0.005947         0
   280/299    0.956G   0.01499   0.01641         0    0.0314         6       640    0.6866         1      0.99    0.8052  0.009109  0.005947         0
   281/299    0.956G   0.01436   0.01462         0   0.02898         2       640    0.7018         1    0.9862    0.7717  0.009212   0.00594         0
   282/299    0.956G   0.02897   0.01473         0    0.0437         2       640    0.7018         1    0.9862    0.7717  0.009212   0.00594         0
   283/299    0.956G   0.01791   0.01519         0    0.0331         2       640    0.7018         1    0.9862    0.7717  0.009212   0.00594         0
   284/299    0.956G   0.01841   0.01349         0   0.03189         2       640    0.6932         1    0.9853    0.7907  0.008736  0.005946         0
   285/299    0.956G   0.01731   0.01326         0   0.03057         1       640    0.6932         1    0.9853    0.7907  0.008736  0.005946         0
   286/299    0.956G   0.02635   0.01389         0   0.04023         2       640    0.6932         1    0.9853    0.7907  0.008736  0.005946         0
   287/299    0.956G   0.02226   0.01404         0    0.0363         3       640    0.6932         1    0.9853    0.7907  0.008736  0.005946         0
   288/299    0.956G   0.02312   0.01676         0   0.03988         1       640     0.728         1    0.9829    0.7633  0.009471   0.00593         0
   289/299    0.956G   0.02008   0.01736         0   0.03745         5       640     0.728         1    0.9829    0.7633  0.009471   0.00593         0
   290/299    0.956G   0.02029   0.01986         0   0.04016         6       640     0.728         1    0.9829    0.7633  0.009471   0.00593         0
   291/299    0.956G   0.02101   0.01644         0   0.03745         2       640    0.7177         1    0.9844    0.8186  0.008425   0.00589         0
   292/299    0.956G   0.03315   0.01976         0   0.05291         6       640    0.7177         1    0.9844    0.8186  0.008425   0.00589         0
   293/299    0.956G   0.01976   0.01749         0   0.03725         3       640    0.7177         1    0.9844    0.8186  0.008425   0.00589         0
   294/299    0.956G    0.0171   0.01541         0   0.03251         3       640    0.7406         1    0.9829    0.8038  0.008334  0.005894         0
   295/299    0.956G    0.0213   0.02192         0   0.04322         4       640    0.7406         1    0.9829    0.8038  0.008334  0.005894         0
   296/299    0.956G   0.02596   0.02097         0   0.04693         6       640    0.7406         1    0.9829    0.8038  0.008334  0.005894         0
   297/299    0.956G   0.02229   0.01789         0   0.04018         4       640    0.7422         1    0.9825     0.753  0.007899  0.005886         0
   298/299    0.956G   0.02324   0.01545         0   0.03868         1       640    0.7422         1    0.9825     0.753  0.007899  0.005886         0
   299/299    0.956G   0.02443   0.01813         0   0.04256         2       640    0.7422         1    0.9825     0.753  0.007899  0.005886         0
